1159
167610283
892932377
620126472
133292040
122952361
156388807
312836315
318145069
2766772
532739243
46061874
89027826
700546192
917751838
980188946
678919153
606325447
892419415
813543598
672663712
128329905
378486033
941855723
178288588
875981242
100596589
301508108
791551781
946896766
532939839
813823254
800801984
414805021
814485007
269375403
86035045
33461130
349250986
861914947
512620489
964769913
578850418
727267579
666809348
897096711
369462268
608363969
971200829
837214003
813911483
433714694
739796584
539114015
640805772
660671164
540845566
638127847
876588966
415253426
577207811
117728515
352558525
291020674
442300246
161193642
563723751
353227381
21173857
384889428
995399154
148524227
916412408
875825664
252643062
349299879
633722815
960023390
464471895
785009152
124843006
643731393
210735862
754503413
934932363
970076133
32226487
993411827
721154389
241964368
318557077
477490653
853095191
433258126
974742057
30747790
6910326
724872927
286625486
549231490
313792865
808038422
900423400
848693478
91737400
487962949
709868323
675126466
284213803
409602231
586975095
217324082
719421385
91291792
900287465
454222018
358696205
563910217
643364269
793792499
43636733
431883784
592166423
501386828
417356536
349216907
30037692
165351004
368009385
768708306
405293146
936481684
587087529
603776355
406076994
860242932
846304069
164901087
859815770
282754262
690398620
959753088
327326359
182471727
365616681
638860449
633925329
529374645
535826281
456279578
390608266
439395998
904946027
338761615
609314133
900252302
39488702
828343273
755813345
637060087
182668570
776866436
435680777
234230463
455457811
392638759
689436732
937180354
661000194
251201727
915317914
848511394
890923782
158150350
608219083
819658555
436580936
596797622
99959460
404204977
395685963
424411777
333071192
466879109
658881944
838398021
187764342
810202787
123111657
434516979
91487834
618726169
934461579
183370088
380227771
675017434
554917803
339389275
450072176
819641887
859470107
224278721
683935574
842152416
387241666
256441183
34548590
693278330
654758074
653057284
451413409
210520020
777492354
62940200
316954089
196676298
186533056
901596607
185035390
718093395
549848213
64199653
958790636
348401531
353778419
464955773
100154058
358658376
971117207
317299798
549422659
539796457
677468216
274970426
70935718
637629824
687498473
833680431
301880684
493381155
40745058
104376617
106520616
769806409
47344276
79877314
947790672
40386059
129394861
483047392
671680159
419876786
915833034
644164125
538166
704207806
530463244
458229469
748673349
154754
158144054
491961534
213133745
886257671
807754518
240473552
164648550
858363625
995522073
791310189
520712807
757677464
906942803
303742011
319413367
824618591
362113928
810469292
237541585
548124509
793145314
750832454
623295408
406423940
889278972
714403899
721132445
848180202
694520681
792148066
88419374
560351764
529707493
882366765
33541812
630131273
755968187
319536936
908021353
800691755
694312697
392926831
526740304
711227150
88206117
936476892
409541209
800776103
425325673
911110438
494166885
645355915
31171032
728950509
989358386
896344962
258633931
170146355
68077512
684082595
85830458
329274522
214370072
390299686
420529311
883276504
831175665
588619422
927339477
543010580
161418301
731189181
892695820
918531855
18222974
761272508
236346520
907889109
638815975
48073340
912047618
109006687
863751769
944106349
692051699
762457548
126171556
3116476
121016638
868807235
465809212
199394075
319136259
713259363
232827285
589843042
963292901
552829996
174236516
203315148
112916363
731283595
799182893
236822867
605043452
551225535
600657783
179902942
227481856
114751417
318311724
843089840
614650370
72041233
673022320
921636098
356701279
560959508
663985605
220687894
948820907
651050078
179565138
182441593
826031588
320718775
503471675
143842275
409647375
725216353
396197845
458647049
252041086
616905298
936500732
443850670
390985525
549358469
339154944
457818657
621402507
956505637
226393418
751436286
777293052
684245659
988220557
208558288
527697541
466065076
571045672
793215596
12799901
609859833
417256469
504861561
645327624
194237279
424353759
285431300
426758635
340967292
82919996
592133610
184132486
931172051
56629437
863803455
712394082
828769161
802603437
548420290
403583436
615239793
257806277
109502886
804940658
314295624
663011346
132873764
925412772
732338953
530534644
408952680
379632998
96021906
572917854
708106184
996493531
980320315
791103217
526798364
688067947
994386983
807087872
721824544
364208972
808038926
424454493
182348064
474428291
903162040
939303700
496820691
651200976
702491166
63093851
980358871
700054105
565111333
608695141
988951467
872125609
643184589
376198778
296696850
321287078
172381385
580148497
15458969
431228762
375185932
36489073
762801311
667764847
740415037
307877273
71451276
6689346
153713287
128040274
625597449
728692096
479675630
165471745
529688400
178620616
582761913
790786688
15339681
843055105
348749550
718221970
443599691
8332956
591527330
309007643
479213146
402137839
437642390
860323754
786658455
105509285
564890992
456479624
721038012
596690536
412723291
183945209
85657567
340204220
221140533
319713971
353044872
944829192
42408075
98530922
923347467
329563850
22700015
349929296
819177401
594306562
59754593
894439526
455267503
452291009
801889134
969270126
708124451
811723610
192381400
487477367
269842474
28605377
361847411
443259230
654542536
81155501
196853123
840798030
873979084
836312151
63606630
373044181
63783499
210673668
22715249
159210212
733294533
376701307
265731521
295925013
423154463
842783005
160986342
409068928
36519076
685476877
282101817
48936970
839588479
74681526
616589854
232014733
33577889
872731706
256343510
849017127
599594549
974101783
487861839
606297286
302013297
943547414
65250778
298087575
682092719
637339372
202284446
129612288
452291281
741903794
296678454
47541218
959282318
779304210
346697461
713050159
652353733
156753282
217039678
272741335
612942434
857940016
433620983
615787893
205589954
450007261
517647138
380221745
110760605
134950414
632060317
444935291
409738735
410247779
251848711
595316442
717964905
754533326
21628413
315363246
878750539
373397825
735154167
954408548
329839166
974003956
554642836
83285181
155474276
732913445
402750954
768704884
812455128
310274646
269131914
737670028
561833726
891212960
873184597
838807512
486160581
571594627
642840893
208629952
816311592
969922983
113499042
448927321
49459944
154022724
889439708
250413144
973336334
226971941
51983026
432211504
129339633
171110486
171655116
317051947
718646300
979444872
295155538
509985721
974314896
669008144
960532043
142168480
134347010
862299296
907858354
292202689
355036074
681412160
842017878
466663717
324261907
621606661
908705862
817947775
718087661
624963039
709488364
343478324
423165985
419006396
915987143
523407212
656250261
843539891
784625669
416947739
613508020
642635151
739308812
398523158
195070132
217922183
647126530
821541149
449928270
318448563
476764838
783863536
281488942
19649453
121140686
175569083
521110857
310694589
889789492
427738648
335132531
451607224
577606290
739325775
78908247
571729433
996878957
692087712
813154070
944414135
965244192
604725669
136657665
377166768
984508851
730506031
641460629
70747937
245042673
751924150
713846909
834117223
165593029
221843799
420291474
526315711
511918186
352924563
2077580
352261601
576957216
302211860
858862136
25098324
598291716
221238118
820009060
793925698
146450326
763310112
119548111
406383017
367212199
482218859
951689117
298806965
464531223
870365342
972121052
722344543
370723827
705800403
505199627
916167556
943708546
680418452
33510836
319376369
526269584
546972444
942666313
722263058
439801760
451965657
949125407
777975343
172307781
906004833
890068678
337380926
440179406
748377709
604463521
133126396
608320934
845794780
989057645
136595977
64617461
460916328
184430794
22825222
720543992
586735399
47584890
711959708
913750428
891719281
935720004
632841930
895757942
397244151
382687571
616552695
897790929
550268877
139820849
185698635
365259497
784656191
620937387
881945917
484700912
398686415
244113351
176798890
70616715
10185197
6368819
380512222
316132973
345453815
933585023
129214146
298300466
503430699
474570901
491383359
952961844
918321948
419109267
929667229
828165562
474742535
111262377
971754385
999539498
267499152
895972241
841143552
905606334
9159984
652324702
694586690
675948785
386109889
318920198
133379592
193755539
494375717
731957854
51212917
17627185
583063400
290286453
685026587
613191311
73891249
452983844
715361270
803112079
493946565
216358731
892024664
203797824
760113227
857674168
776596405
428475838
923810538
668465193
687540551
8040186
245006006
547685322
777555646
62641604
737708628
261039287
869606431
898132593
559636376
827853428
732510170
280538085
830853494
147553753
708161795
105763970
505381997
484415081
184153679
533589812
8568670
474850823
915834127
323268125
956851641
743127288
910586810
95252603
634382498
112653666
965119629
672019017
254805488
380446730
446866196
57049884
611771599
173349537
890021575
177486430
880531138
136420294
919293048
150385388
42066420
819503138
202800658
834075058
682998422
211804726
938754329
991621572
710867618
651873312
349235690
56864053
932191801
512638277
911717599
581924338
751964313
823174513
437905504
961511029
616030229
899421182
25898413
72063246
225615271
667101619
93853349
776511756
96715544
948532344
20825794
217710964
143561350
724555814
994275331
15345248
748209204
519948606
268344415
296877775
827414388
261666810
444359391
58817418
462600795
446404833
746829227
229887810
900490075
218280721
918503556
48667057
305047220
448715466
336200246
945814831
734158263
754153539
613118748
867638438
31542591
443267957
608588981
443431926
35061152
43070866
559923785
260011906
471333299
158220783
187300049
946308962
182868078
431386777
496758517
755395030
88522298
570090852
776796835
678523768
767580281
816789791
550598305
930086157
532569740
265669008
23630128
877970721
794278544
772958068
354915770
265744420
613998336
730724813
959450149
782642319
969713635
792388912
796290267
51772892
643327080
929247300
505078254
83593939
841960315
804583357
278310693
821156634
873916084
327804744
879132106
164703757
93188458
641892107
400781716
897055950
89271937
175187714
511368385
568820152
192671016
626854895
228049049
839436055
215811080
420633155
427470612
643070386
372596406
802832415
755425837
727485591
939448270
425936812
473432729
693002367
499735537
60693871
175119527
705904279
47963778
748748733
676312237
877136560
199580424
277424730
650873929
538614529
860634386
782868774
506286304
378315489
594179656
829538755
203813087
731014235
41766137
240899306
386499373
169476193
248678231
823357685
746829124
536197008
562049181
51464247
411196679
737973502
413523125
773735723
938705041
856067556
7444786
69847724
586342472
194433226
985452449
877898201
343765051
443763814
257008372
803111084
455191278
368247003
578562021
95303457
782411197
684395252
323724856
105061017
471698578
799680645
685640630
312277581
22678307
845590216
593042281
343267017
996941276
300557644
894387197
98572043
419285357
957607156
709004007
93702758
537675653
160439363
948188952
338432335
956021930
954524747
364263782
80893611
360984512
77190979
731687971
44604912
364369169
189251134
204235848
496762867
714577631
847858250
517305180
624157819
236418179
669535359
375959108
457516898
739673507
339500742
848131206
370591085
471981759
199335027
294541439
979099913
