1257
85936
97720
72320
68842
67649
66676
89640
22444
66236
88778
89805
12986
65591
75252
27520
37810
29070
75072
93710
22197
46101
71240
96158
49048
12665
14327
70312
26015
49524
45190
27904
49012
93327
9402
22085
89353
20747
80142
20665
20167
99514
53112
44823
89627
84634
39032
76640
75388
50544
84005
89446
34682
52767
48255
35088
42700
31243
10353
21965
92060
48787
23785
76035
96985
981
38918
93601
94219
97557
12139
48500
78253
62314
65243
65426
78545
62771
15487
37855
86186
76353
12102
91015
27643
88387
72458
80283
87875
40563
25066
10882
715
21644
39792
73940
68395
77531
81531
3055
97304
85961
66307
14612
51678
72014
71350
63292
38445
1804
99076
24385
27102
84375
60825
52595
22266
29729
12360
38005
72858
25357
63255
13388
92328
458
21902
80584
61558
97255
33017
76071
40189
20982
86001
57384
72010
56818
6141
12581
49185
37997
39039
87234
62660
14530
55968
15879
42687
50421
45659
18965
31962
72183
20403
42052
74850
83161
67350
59318
20197
98238
96496
15549
22663
36066
15814
57079
93776
76819
68526
25498
17499
9455
52721
9045
66587
31863
9882
55985
50590
94583
46264
69101
72375
83387
3319
43226
59487
21873
59642
6444
82641
8340
74668
36729
16110
16397
62408
84067
57877
15683
56797
99390
15133
77305
3442
2740
80161
36682
27660
90586
90766
50825
30368
32
39156
53416
37805
32365
66152
62175
54402
14196
80426
36950
37616
8435
65546
57465
46082
47646
28772
87507
14730
80931
548
88861
63705
24851
43032
23911
64615
92080
71184
88506
51430
45143
5640
9240
11873
3355
33643
47489
80347
50458
51913
7199
16379
41631
99816
90951
45506
35256
14680
9867
34542
5016
10610
67017
50400
87329
53019
1569
15681
7915
6260
23364
10218
54095
9032
63417
40523
48599
10142
73807
64562
45573
8516
62038
41573
12927
18130
80163
2036
8572
23454
4099
45252
35630
48617
51840
53092
88425
66841
78320
93281
16836
13309
17594
51073
50995
53100
45558
10229
79056
17706
19500
69238
43269
35558
42926
16505
71629
45409
63855
18123
44032
72467
71698
8665
31158
80428
81151
82404
56415
23230
44556
35636
49889
52005
85023
71541
52317
56468
57665
35720
82462
11048
76628
65784
6312
11868
86765
30437
77276
73200
51431
84619
92558
66050
33578
26765
96218
46609
4229
40593
94902
99676
55453
70009
30324
95765
5807
13505
71634
50730
36779
7089
1833
98307
77975
80088
89936
88173
86805
15181
94451
92106
71936
54502
1088
78008
52599
6248
59941
63784
3598
57240
23651
31404
28870
4864
89745
82675
44528
57217
94700
85894
53561
36292
94464
51455
87674
75258
5837
97006
4685
78835
97655
57757
16547
4882
13346
71333
20191
8679
54145
53005
50540
41353
18156
88551
98137
37211
31328
54246
72027
65674
8020
12402
52261
10235
44183
73045
93368
81172
74374
97710
69228
76889
92733
34223
76038
85197
78321
63133
61023
22927
58042
1561
51980
42758
11934
96804
77552
76386
21583
44904
77074
57082
22524
21786
47352
37830
37476
50242
97147
79543
98040
94301
17729
16769
14111
58995
1253
54969
78884
54127
76184
84614
79692
58746
91339
24908
60721
45852
63420
13050
25878
48473
88817
99863
48516
21605
58347
7548
52190
15837
41892
9561
20980
73179
44225
27958
28310
89472
20367
24679
98467
63706
6303
56378
21994
81637
76286
24897
92876
22684
47163
93694
74561
74274
78302
26742
65777
11190
95701
14905
95984
4681
5082
73036
94776
77254
50854
71452
54630
89451
59892
50415
3733
40092
87392
47497
91591
25014
80032
27106
23432
92836
42018
63733
72194
23507
60592
62091
56270
60035
90167
83614
91376
28260
4428
42007
6625
20873
16674
82651
99504
60999
36680
61332
95828
72424
4509
51344
36754
17289
69844
22707
91379
47819
75394
24151
40932
32883
91220
29885
85475
54000
96032
24029
26342
20879
80419
66339
4221
13517
88012
74056
41027
8447
40279
15763
98796
80485
15086
47274
4468
3755
15871
28520
54269
26822
22305
2559
11716
35656
65328
83611
33666
25449
78408
29138
36801
21889
84292
16404
40152
29074
96676
31962
44351
20019
7769
52522
93422
92615
69807
88060
45630
35235
55659
22877
35929
73439
55262
90247
71428
27678
48177
80448
77645
76002
93462
47809
2605
41351
60966
92975
17767
38811
86227
75291
2992
49383
37182
44492
32880
53443
89865
91169
82332
66335
18960
23136
92838
67809
29267
56611
22107
40213
62323
21636
9597
48618
17397
23904
80154
73387
36384
94843
98249
48868
98761
5398
19452
93728
19315
88974
57729
86489
93814
39476
27859
67187
24987
19068
56545
15576
49483
67254
75072
92300
81234
92054
68416
31340
24358
65799
58411
58439
6898
58630
41355
45129
62798
1971
6793
22696
3611
10840
45194
81578
96570
90328
64810
70674
73257
57054
1006
36113
48830
50465
69380
6709
39049
8598
18446
89481
48412
24368
94017
29414
21151
87388
95538
41119
46079
1474
74326
78588
26169
61927
40407
75749
80421
91109
40320
20718
96871
61612
30351
48315
99317
74663
1490
27316
76524
84612
28125
31224
29133
36937
80158
30950
58927
56058
30153
71797
75489
45619
78387
68474
4584
84864
66233
15218
14765
18296
6039
70308
52300
6053
42940
7665
97571
51241
95899
39494
45938
82561
9813
51328
67832
32611
94408
35044
8458
18411
8609
10594
12591
88108
67612
24939
67924
90236
78893
36964
76361
74145
63487
22720
54146
70945
58428
96086
6872
63454
72575
89838
85107
84970
69627
32863
5543
79087
49191
81025
59338
50383
48119
41395
84037
37544
20300
33441
75991
20700
5362
37710
63612
86124
96600
21574
12579
5417
74615
15963
56619
47748
9186
67605
20091
84213
94097
90239
20225
94112
18489
13965
41246
22387
54716
27550
11186
18049
52487
42891
26595
14089
75407
278
49155
44446
2312
40549
93909
24421
42911
17080
94542
74908
86596
42581
86990
17989
42010
91582
232
97518
55749
5531
19100
53542
72991
39557
15759
97640
64973
9895
14960
33179
71024
79820
31839
79570
99852
57350
7920
7359
25556
24752
97732
99337
29301
84018
99741
42176
80188
470
64120
55230
42132
66948
29390
16099
63701
23566
42501
93148
30908
22453
99229
85872
37096
88593
59712
61044
19891
16255
54693
61358
54592
47187
76983
58401
56858
16912
43252
4720
48057
82959
51088
74303
3544
6832
95925
96541
59865
70484
97578
14816
2581
34333
9676
70109
48628
25378
48896
41758
3614
49593
85103
2041
93833
88460
49278
34902
19286
65605
64378
64190
50237
87688
23297
35395
89336
80867
49967
67132
44045
58456
83325
77949
80447
16669
56620
61910
8708
9074
33115
70180
51843
44285
98571
96751
49985
76427
12130
349
96823
4344
20402
74582
61502
17855
52376
36881
39404
53747
79885
72800
51362
66000
92751
45487
1758
96055
30513
47564
20936
32327
15542
2733
31589
5075
87053
37986
35375
83637
89709
52604
23957
42183
48057
94932
76516
31444
24019
69497
39028
19388
15240
85601
57162
79099
65085
31288
65778
6993
96798
6038
21064
65955
63695
943
25323
90674
14284
46028
51330
35202
43224
78837
72488
71211
78304
31535
41694
89956
8853
20979
9901
50526
60417
29892
788
55092
82399
75640
55641
6159
99745
40417
39168
31558
56247
70560
19121
52018
47603
49649
47380
58961
497
91204
30959
78642
19879
79056
27592
80067
4652
30191
22891
6839
5902
11359
22550
82798
19852
55297
6083
37209
69365
61341
43012
69317
7118
34612
94854
6396
37456
22871
10740
64499
12688
28194
86444
5377
18198
35086
63996
78901
2372
49016
19898
78236
7952
40393
55613
22264
62095
86816
5515
96135
6107
6881
14662
50077
36417
20677
56815
95258
72261
2390
15222
6921
97585
31703
75651
58007
41401
80799
84527
21450
97459
63808
7576
31528
24247
32292
18838
18909
88439
47183
37948
25365
32675
18419
59746
11935
66148
29581
32860
55860
36940
79414
25144
41057
20743
85978
23417
21166
11092
78213
46036
2351
98817
48436
83586
54703
2244
60562
73130
5722
77637
41862
98738
95597
64478
49815
428
12576
2201
