1491
9180
4547
7859
4349
2207
5644
5652
6289
2752
3981
2796
9481
9475
8009
7331
5165
1687
1559
1843
7384
719
7209
1055
3928
2184
4981
4971
2830
9076
1303
4854
1457
7962
9602
2495
3338
4274
8686
3093
4354
7182
9921
4370
4465
2009
418
1030
5370
9749
479
8762
3348
9534
9320
7293
8637
8683
4998
5359
6731
4226
578
8964
5111
6998
6239
9151
6019
205
4569
1368
8517
1997
3386
1330
7353
2859
9941
4722
8784
5782
7611
9608
6085
497
6562
7212
2844
7523
8383
4371
1087
5605
3913
1580
6886
5553
8568
2358
9359
8559
794
1380
5533
4902
1277
2178
2122
8346
9534
6837
8847
6471
7135
3352
4220
4982
6720
479
8056
6018
5830
7862
8910
6621
642
3530
6982
3265
3082
2107
1840
8505
1378
4877
4373
6223
2117
1293
9175
4521
8073
2201
6032
5446
9192
4971
6701
2425
8472
4609
9765
8360
5382
8832
1401
9648
9298
9530
9332
1446
6700
7918
8882
3214
2460
1683
3790
9388
9823
52
4869
9575
9889
5916
5525
8834
892
8101
2400
1591
4410
6028
8396
6094
7395
674
6058
9772
337
2779
6327
7023
4139
8878
746
6801
8685
1828
2246
9939
3424
3560
20
9534
5915
7791
3502
5231
5831
4866
9353
4947
8601
1475
2345
1476
6502
7678
3861
7208
3714
5485
8314
8437
2742
8214
414
1539
9176
1239
9093
3659
2686
5799
7447
5022
38
2701
5371
3460
313
1631
1895
5791
3637
4543
1581
9558
5724
5622
1541
3300
4020
9002
8437
6342
8799
1874
6150
223
9285
400
3270
5280
5140
7031
7778
9379
2500
240
6278
9563
8025
6327
2067
7340
8944
8542
1031
6052
8662
1677
9367
8020
2260
4598
9459
5160
2462
2946
5308
8436
4572
7552
9970
7173
3342
164
6102
3481
8687
4362
2413
2392
4460
6999
8180
6407
4639
5283
1523
8602
3656
5956
8386
8752
2816
7044
1266
5031
812
4986
2737
9500
6032
6310
7525
8593
4795
5051
6824
9842
2371
4350
9969
6045
6160
7765
3983
9594
3534
2733
5747
8995
6666
9766
1846
6491
9405
3401
1663
937
6191
3188
6892
1636
5615
5756
9687
8183
6988
9697
2994
9653
2599
6142
7833
8063
4300
495
2277
8897
3126
4012
8025
9455
4665
8311
9358
4901
9876
7141
3634
8196
4340
8145
7053
8463
9335
525
4115
6457
525
9567
6481
8999
643
7109
9483
626
6491
2151
190
1987
2220
1183
8932
5354
5732
9538
5316
5176
897
1767
2037
9462
6703
5445
9446
8741
6284
7273
3932
9477
9412
7900
3737
2098
9146
3958
8585
1677
9637
9791
5190
5333
4016
6062
5915
2690
9246
6842
6250
2164
6393
6482
262
676
8486
3851
4103
5256
4695
894
9621
3195
5318
3354
8613
3555
305
4061
6270
3961
1539
354
8970
2389
3864
4276
3817
9518
1596
3306
960
5003
6152
5092
5366
1282
9456
9460
5209
3955
7094
2518
8909
7373
2867
7014
3999
8863
9421
2073
3799
9214
8223
4330
3079
9091
357
7083
8678
1102
201
8041
1237
5658
8164
518
5460
6520
1282
3038
10000
3105
8936
1033
1132
4325
4419
91
1001
9997
4380
4808
4633
179
3758
2671
2471
2870
5863
2598
6513
5113
7649
9374
282
2991
2211
2423
9534
2597
2332
9670
3361
6613
1786
1434
2032
9294
6451
476
7374
3975
1896
839
1383
1345
3104
5323
4124
3171
2858
47
2948
8338
4259
2153
1716
1669
3193
5132
6789
7789
9917
2767
4430
8732
2196
7073
7172
5860
6561
1064
9248
8107
5949
1262
1526
649
3462
317
1660
9499
1081
2339
4826
801
402
8285
7234
8317
9816
2941
4359
9787
9074
7009
5784
9608
7878
1311
3764
3492
5833
4962
358
8792
3614
7662
6655
6257
1246
3130
7907
4711
1318
7650
5817
2716
4749
9661
9553
8841
7085
2397
1006
2127
1581
9340
594
9063
1372
7428
9961
1082
3474
4594
5173
3182
5897
77
5154
9004
1513
2912
2672
2651
9559
6026
4852
6513
8022
7324
647
2287
644
4179
6526
103
3448
2074
4667
3093
8786
1868
4325
4647
670
5104
2994
6186
2664
1768
4894
1235
5017
755
3232
3608
5777
2955
2437
7658
1366
550
7253
7259
134
1504
7329
3613
7669
5287
5990
6600
9718
4636
9620
1332
5953
8782
7130
7850
5650
956
3940
5670
9620
3778
2516
7158
2758
805
118
7138
1372
9494
9215
2760
6290
6097
5020
7918
9081
5347
4021
848
3641
3311
7335
5021
4990
6005
2531
3257
8057
866
548
2493
7821
921
1422
8391
9349
6477
2264
9335
6175
9730
5576
9277
4266
1520
3408
1934
6395
4859
1139
6180
4361
8283
1788
9068
3606
3862
2756
9091
621
99
6753
7356
7918
4803
6088
8630
7193
8153
1908
6090
2770
8710
3309
2836
1247
369
7927
7667
6458
7638
8980
7657
2194
5259
3337
5786
8734
5848
2761
6907
8834
4111
3540
5523
2310
8195
5918
2145
3890
7701
8150
8563
5663
3400
5167
2909
8444
997
2703
8344
5145
914
1135
6908
2153
5942
833
4705
6949
9536
6205
7686
6709
4072
2017
9692
1940
8027
7325
9506
6661
5170
7504
4494
9620
836
4841
1892
8923
6537
9047
7169
2083
6395
5011
8508
3529
9782
5540
5238
375
1979
3253
6481
9987
4038
9133
6085
4873
893
7105
8241
2401
5795
3716
5868
3216
8028
8816
2154
4376
9456
6630
3350
5087
2390
4000
1712
9276
610
1786
1282
4487
4317
341
3682
5374
795
6927
1341
1368
8743
5061
2282
4186
5667
9619
9809
6228
0
8294
5987
3783
3648
2542
3907
1982
3976
3109
794
7665
8044
905
5100
8858
7228
7115
2755
5327
7068
7984
1054
1287
256
1163
6201
4978
6853
609
9408
1496
5423
4126
3685
9781
3042
8498
6604
2915
7681
4419
6531
5600
2395
1292
7426
6646
5976
5310
6103
5442
6665
6687
6260
675
5986
7629
9637
9079
6066
63
7498
4894
6353
1190
9495
9332
5642
4858
1176
2127
7904
6075
7613
3789
8857
1249
4792
3713
556
8002
9166
7104
8385
1365
4716
5332
9549
5057
4741
1695
1177
1961
9682
2170
9614
220
936
118
677
6625
6472
5165
1149
9332
5298
7570
5284
9442
2377
8518
9478
7927
7883
9813
7272
2198
1296
1446
2729
3183
4851
5894
5157
7559
5794
3127
9243
108
2276
243
3758
493
4709
5607
3484
1870
6905
8892
6424
6332
6149
263
7058
4498
8979
2304
4468
7517
6128
9233
4293
2810
4669
1261
6915
8796
9002
426
8281
8569
1257
976
4043
3476
1317
3047
7866
4658
3205
8274
4531
9685
3532
8147
5918
510
6888
1061
8335
3017
160
4138
365
1556
436
4145
4989
9795
2018
4994
3049
7202
2900
5392
433
2972
579
9628
4609
575
5394
2877
1663
1215
783
704
6667
8167
7815
8472
1531
6237
459
4769
295
6344
7327
5738
362
3297
5395
9978
1469
8019
2135
1084
6958
6771
5378
6841
3920
4567
9075
2947
2352
6307
7438
433
9525
4690
565
8432
5158
5600
6125
1493
9213
3292
422
2602
8533
1877
1473
3457
818
7860
9108
9369
1543
2510
1538
9524
4128
5534
336
5969
7621
737
6941
1352
313
1227
3785
2852
5364
8983
5688
1974
7997
477
6982
1599
1000
9406
5531
8141
9578
9966
4846
3242
840
5386
4697
7143
4930
7545
5169
2196
5272
9815
1874
5862
4399
6912
6453
6499
1577
2518
5957
1364
1247
5661
4557
7480
158
4972
4013
4996
311
9935
957
176
3585
6742
7873
7427
7032
2047
3924
9676
239
5317
9975
4952
6973
122
7734
4856
1677
2684
199
573
3706
835
5646
6019
642
6520
7963
2598
5987
1444
2492
6983
2130
1290
5455
2247
5760
7929
6499
6182
6512
9253
8973
3466
1349
8082
1515
2320
8787
1409
8205
4513
7857
6301
3420
2980
4927
3994
6849
996
9487
3175
8087
1531
539
8742
2628
9241
7318
1105
7316
5575
8548
244
835
6777
2397
3568
3675
3165
8883
8858
5119
6571
9845
2486
3891
5121
594
6301
8748
174
1360
9816
5377
2415
7076
3244
4848
2187
6295
3756
7593
2250
3520
9687
4173
1789
4926
5124
3454
3515
4727
6772
8716
5793
5516
1871
2285
3838
9696
2101
2257
3601
133
8531
9461
2153
8220
6073
4332
3447
8516
6284
6003
5555
7641
7018
6708
4283
4944
7330
6659
5590
426
7661
2897
184
4460
8053
567
151
1051
872
9459
7647
8238
9
2367
6846
6260
5745
5125
108
2395
1367
305
8538
884
6446
3365
1930
1040
7262
4521
1504
3126
4551
1525
2699
5188
2849
8144
2064
3664
8214
5042
7199
2782
5925
6042
7206
9266
341
6967
3079
2126
1979
8423
2768
5493
4984
2768
1623
3446
5481
1568
4135
9006
8431
8148
747
7570
9984
5948
2720
4860
7732
5118
9178
6722
6077
5914
3658
5631
6269
2356
6758
1874
5588
9340
9882
3091
742
9087
4885
1468
523
6641
1157
6400
8056
5617
4267
1543
