1456
84
76
37
64
97
19
92
47
89
97
82
65
63
18
81
75
59
7
53
13
89
1
69
75
38
27
12
73
69
55
92
37
1
27
48
36
87
30
48
27
44
76
35
85
68
40
74
3
21
93
19
8
29
4
17
63
22
91
26
52
90
62
90
97
84
17
49
3
83
68
85
9
36
72
73
38
77
93
78
41
75
34
48
49
38
34
15
29
96
72
52
32
1
29
78
38
14
100
60
96
84
100
61
36
83
94
38
64
30
68
46
13
98
4
86
53
60
16
76
45
24
96
78
100
2
36
70
91
52
34
92
24
52
5
35
15
92
84
31
78
31
41
63
32
32
17
82
64
74
13
2
28
98
90
55
84
10
84
86
30
52
94
32
15
52
63
82
50
32
8
84
16
81
84
57
9
13
19
81
7
24
23
30
39
94
93
97
19
72
77
70
11
7
22
45
21
39
68
34
56
61
87
91
60
24
6
64
24
37
80
55
60
60
52
53
17
68
48
86
81
29
36
26
68
81
11
40
6
50
58
90
36
26
39
94
13
73
62
57
55
13
81
40
99
45
19
93
89
98
98
66
18
96
24
89
21
81
82
67
59
22
19
36
67
94
45
57
7
95
13
45
59
50
0
87
40
88
88
49
1
15
3
43
65
48
78
53
50
68
49
4
82
96
90
48
60
46
80
75
31
85
49
75
12
54
11
52
22
68
20
6
87
68
74
80
16
32
51
77
3
20
63
3
58
37
51
23
49
9
0
37
76
93
25
33
13
80
38
13
12
83
100
91
59
93
36
16
8
22
25
76
84
15
22
61
39
79
15
94
66
8
32
19
33
72
19
25
23
26
4
47
92
0
90
40
47
33
68
45
98
75
15
5
71
57
14
3
11
41
46
60
72
84
86
100
18
32
80
63
54
42
49
64
0
81
86
72
72
9
97
72
85
84
13
75
76
14
92
91
22
19
58
5
5
56
47
85
94
100
18
88
92
29
11
81
22
81
56
99
46
12
69
89
38
18
21
51
59
24
16
56
74
5
77
2
49
7
64
68
38
86
74
8
80
31
66
48
57
68
96
15
28
95
95
0
48
84
68
19
94
42
34
58
37
48
17
71
87
13
19
23
71
19
52
40
61
26
31
23
38
44
40
87
23
62
84
26
64
20
9
45
12
65
59
8
64
0
37
91
5
6
90
31
57
41
49
79
14
22
98
58
0
54
34
70
74
85
82
72
86
19
46
39
35
24
62
6
95
29
71
27
11
36
27
99
69
94
67
5
27
70
13
34
16
30
12
67
2
40
16
78
53
97
88
32
65
17
1
82
48
83
57
42
87
88
25
1
17
4
44
69
0
14
59
5
42
56
66
89
30
85
59
47
67
99
79
64
37
72
17
35
20
11
5
34
14
84
87
88
22
76
12
51
17
89
43
66
32
12
66
63
46
33
29
53
38
76
62
62
1
36
47
17
76
27
41
92
31
62
72
81
8
32
17
91
8
20
52
17
73
39
65
37
96
72
61
9
21
12
84
15
32
59
78
29
42
76
27
16
76
32
70
81
22
32
96
6
8
70
77
26
50
7
3
82
54
95
79
35
49
93
36
66
99
10
47
48
51
10
82
29
78
1
89
34
95
43
62
58
66
81
34
85
75
15
45
79
48
14
21
9
77
15
60
65
36
47
52
44
60
26
17
29
78
41
76
73
43
15
18
23
40
46
52
27
64
75
15
42
26
62
36
2
12
56
19
95
21
66
94
61
70
62
48
75
51
91
46
54
76
76
50
17
64
91
54
60
37
73
92
56
3
16
76
86
81
89
59
67
69
52
36
100
100
74
99
56
19
20
31
75
68
69
84
64
74
62
47
64
58
56
0
47
100
74
15
1
49
4
61
83
43
11
64
7
24
64
7
66
0
95
98
25
50
15
57
76
82
79
47
70
85
12
96
93
61
54
22
4
77
69
87
88
100
37
100
69
10
16
93
86
30
36
0
85
82
58
19
67
68
100
3
77
50
45
12
80
98
60
57
11
36
84
16
64
94
0
62
14
43
7
74
94
15
7
100
12
28
96
62
1
65
65
87
14
47
75
29
39
46
67
35
13
26
63
1
40
35
20
94
94
43
6
36
81
52
26
91
11
45
82
46
33
75
87
76
0
87
1
89
96
19
87
54
84
81
93
5
76
78
26
35
88
51
6
95
11
59
36
69
10
98
38
21
70
52
18
34
5
17
7
60
10
25
92
46
10
94
72
92
10
43
91
60
46
96
52
64
65
70
73
14
30
74
28
97
92
10
45
46
48
57
52
74
6
79
83
35
32
76
32
33
63
27
91
93
10
99
35
7
63
13
87
33
46
20
84
77
76
32
57
95
68
12
61
55
100
62
0
57
13
94
35
50
98
3
90
64
94
44
89
73
35
21
33
25
40
38
64
21
71
12
97
31
89
83
65
21
64
31
37
95
41
66
77
39
95
61
65
17
94
32
82
79
50
10
66
43
68
78
1
59
43
47
34
27
74
81
93
39
89
69
37
22
0
43
34
91
53
66
29
22
100
82
87
87
37
44
28
27
66
2
62
43
86
75
22
91
100
74
88
79
68
42
78
84
18
88
49
91
38
67
40
86
34
26
81
86
18
86
97
74
73
88
94
43
23
14
81
51
61
26
83
67
5
27
49
70
96
68
33
36
83
61
26
78
51
23
91
26
45
80
88
18
17
60
98
73
92
87
17
77
47
94
28
80
68
39
57
55
0
85
3
6
15
57
47
95
94
79
33
35
75
98
75
92
69
63
20
66
100
61
55
53
90
96
69
39
94
27
53
72
19
69
93
81
29
90
100
58
27
12
83
20
53
28
24
5
99
15
47
76
90
13
7
92
51
18
17
8
23
34
81
5
21
85
82
100
12
99
69
92
60
98
28
83
57
46
92
68
18
20
21
21
13
92
25
7
69
91
18
52
35
11
15
31
93
27
13
12
57
50
92
7
44
75
55
11
59
19
44
69
77
51
93
63
60
18
63
29
47
84
80
28
28
82
12
90
29
21
49
73
7
64
65
34
52
42
53
23
74
81
12
65
1
13
5
30
11
26
54
44
1
55
73
98
80
10
4
18
60
13
20
28
41
43
42
78
39
47
44
96
63
15
82
91
98
10
9
72
42
9
43
87
41
67
93
36
100
59
27
0
85
24
3
93
32
95
89
10
51
48
32
30
19
64
92
79
55
66
66
18
35
3
17
32
66
57
10
22
70
22
46
82
2
49
49
42
77
0
59
11
37
83
68
58
95
6
6
32
12
21
89
4
5
0
