1255
4395917184
9635400751
3566186119
1515995481
9865254035
4021244975
8947933141
3482786863
251666893
1421180766
6841064448
3797239747
2147656278
1872699308
9565746083
9200024114
7175496850
2927141977
4385061724
5704335437
9360900988
3863541013
9840829229
8330582638
6498398500
7561994767
1196493063
2257809801
2056872279
8499673957
7870981774
1046012268
6595221636
4402187396
2872533134
1291382270
4073389558
8592051772
3002191351
6202244930
9278626796
1905621166
502285608
1569275928
4968308422
4808333518
2875310461
6255797061
139290622
4132282873
2681868402
3838252281
7901079289
877731670
4158825979
3350205396
4532762455
2572749821
9628378276
6758148158
6318771437
3483372445
7785989862
6357930083
9952138816
8974746141
6703877956
588831778
4430483030
1778667750
705023549
9024530607
3094125302
4469635637
5656573032
3736065208
3142409597
6540734007
4697865875
1568215882
9553312214
8527586132
7632486709
3940887682
4950120619
9615545424
3490337194
2385302204
158730737
8802547220
9285323480
8698578552
6162941987
9493541365
1803060685
4993713701
9535843121
7578135017
8978873843
6105512223
2120128381
3818374182
666851805
2282297282
9402106719
5636419392
3597654124
670083864
1102251564
3469269430
8524082740
211368364
2443937012
5601873265
2270272632
4447941425
5288114863
3495529369
7516850291
1814082200
1986601146
7975230188
4657819738
5892751608
9428680744
4322409208
3389350930
4265427459
9143217944
1537051963
6766994842
1111266605
2847096464
7079014567
1271678023
23203283
1292765837
856737100
5353080020
9134656268
9165499706
4189849573
458877018
7867906789
4693561004
9500342242
5473536682
5126509828
1824062011
592340041
7457086930
4813240800
149328044
4745693253
55070616
6844325274
203260929
2993698336
6273355358
7871245917
6438352925
1850577061
5900738481
5978085679
5717432879
9824043937
3845418255
6506987645
2090297663
4395265711
6207463484
9876213766
5946141313
541476012
4421305412
7690094417
3081359063
2831967268
7677269650
2281756857
4384939239
3098056619
8176246612
4634270788
8275598585
4227337680
8311405436
8934504915
6438353621
9069567775
884720842
5601284862
3649834845
1391786421
4488626550
3923898658
1300544267
5730911113
6316833095
6826724424
5943042908
2595762829
1338977167
1353672394
4640439024
7946670779
3768382620
1217620321
8656760725
635750067
9764643980
7792095317
5871816762
9154253257
7849928962
1535401828
194220694
7148355942
117930430
9413778403
1031432691
1473099773
7319328184
3252931151
1660787938
8396684164
7227520510
6873988142
7104148966
3869918801
3636374973
549405101
6256789633
3631046291
3639071790
6442490927
877490839
5559801295
5764949525
9015513549
7471829499
475701253
2165487482
3717627865
8558327097
2304325453
930126667
4428071457
2459966219
5943898331
6498236365
1760855161
9206961096
1611627303
8910412624
3926995116
6475071224
6854920151
4964187438
1770191504
8462048120
2954205199
3788495378
2736011886
3165027053
7394061837
2983779345
5983093960
3181293095
4172813661
6381945447
1105977252
983890983
6622301107
2248937185
3190052394
2806595826
6870332491
3334657838
3815521797
6020233225
5804321738
7607279416
609439312
3426791253
7939785464
5089042631
3291741390
8522440235
5128079257
1295947527
7872013378
1090432895
1829827375
8332583877
720871757
8079166928
2034383295
7614772230
5633158811
7290678479
7552189780
8973926914
8575508194
7592484720
6744266952
1154398060
9624571621
8923565232
9209660457
8631372377
4528079621
8294769014
6884171998
1739570446
5102286420
9535178859
1527531970
2283789025
3517961167
2018949549
4013544431
127210429
3483106972
3945430598
7724238300
2730842377
4035669490
3825281824
4665546577
1448810488
9314653425
1426044491
2935985163
2969251578
4925828836
5526442970
5962060086
847467426
2145566576
5941093745
5580958694
6661258730
5834071550
2047012476
8508855091
1827576254
6809925712
1943407810
1579178002
7403036345
2301667213
2754833765
1534003886
2438173058
6802190537
5491286271
5684043367
5504619013
7071141473
3397736019
1291307121
7999714846
6665425407
5491724733
73920422
8891861253
1021906550
1433592067
6283236393
5233582472
8431271387
2775561705
3047876233
8359410848
5778808352
9095944018
589724604
3525237157
6126656835
9948291739
9023042937
1692333352
2119897537
4362873813
408295362
9204500713
6460890766
4739174454
1700116812
2054110038
8119067837
1758559393
4857140790
4792016797
255681224
3606361381
5814787121
6970845177
8682895289
3971397526
3764208509
2837752705
8134010457
7334949008
6949010113
2032400021
8640853936
3190042799
9996528726
242333198
2884868062
8865201874
8801757809
5533754755
6786201639
3872290124
9344799655
3898448734
7421363709
9869860256
9973799386
1404192168
7499872197
5940309731
4790734035
1426326153
5540859485
1457816882
4886563989
6276983851
9323132767
8680856824
9533173437
5686728840
4981574830
9783034159
5546088597
9365445827
2836134736
1370584026
9983139443
4922599301
76955324
2170433308
326463669
2147821425
4395120751
2027001661
6217958093
2142007831
9153792909
2985947228
9684141955
8647503688
9707143094
1994284625
4674007863
3008148
7242916589
1191481111
8012295610
7561467650
6789367861
2402805714
3709993219
8390971324
6677448540
6334155037
3580400777
443268191
4927116744
2671029574
2997814255
7286710702
6790010490
8944256313
3296721307
4377610788
9313444171
3671456894
2976888619
7847923950
8406779762
6930385837
7640486439
8712846669
9070429066
5122048050
6010895911
6875501583
1320831059
1343639899
1330553376
8545186875
5083954212
2565336182
1996261661
397146988
2219813755
4441222824
52082933
4837568838
6291288230
5594520701
2847822135
7881742267
4806872020
6457470483
7037298148
2412930044
6594120012
6430620538
4589360910
5239997806
6398672415
6364294871
1163352491
2497627439
1299264985
8224144040
4293005176
7869809146
2016697416
3248755780
9278355136
1204468988
4807035639
9828637450
8408738573
9383968644
1468328672
4521923642
1747929678
5625484734
4592773828
654353307
4130895235
2915099283
4877105086
1259297332
2629295885
8298594277
2458064993
5947434894
9928548992
5093713816
563830790
9875787647
9498195821
8095096648
7823695162
4828874243
9466470664
3492050679
6556974203
3726395875
8822448059
3223899924
3627018320
4173628036
8427627497
3604965944
4533296295
193172331
4876044377
8420806198
6420417122
1358051725
2867017343
6223862339
2264285737
7179066075
1185585633
4234667769
3361951935
9258943964
4444315741
8657615451
1003106228
5919682037
3224924524
2255914875
8295918425
1964161750
6215812219
9473026058
2096818430
1855944764
4101621130
960682158
8821176009
6959499272
4538628353
9005315395
9335367678
1090129014
6208473344
2184177817
674306275
7046618903
7920404111
7531727375
5024969545
7522184171
4040541328
9846226118
6471595120
8951174067
8410116691
8756086103
9707972973
1885053664
3579475887
3104583116
775338848
4851055558
2072711748
4790606200
8611578247
3094972595
6081426562
7902968652
6184607234
2435071572
8456493611
4930114810
9862463632
2060373133
4478265756
2207118470
298732291
1778723634
993298453
4920272926
2430222240
7031413972
2595192512
2483872201
6808032824
4396301741
3770959182
7561673251
5646260104
8825951470
1837279947
1257626408
4456341068
4992165356
752460200
1705418355
1323232653
7493752741
3356573417
3459237230
136350728
9475740936
1302272737
8719732293
7761584827
3400073014
7754312024
636261337
9366287329
7445192828
1827677741
4659636255
7831649974
5994491638
6966167672
1858617233
8016325691
3508175987
4401173035
4583469925
177800854
3024052723
6286963225
1428459635
9132802655
2077051586
4711590678
8193281589
9088978662
7116625115
5028711764
7800023976
1769000101
7419188468
8388166990
1539042330
124827114
3579604993
7582595724
7253432210
7109445167
5954685076
5665609505
9991188948
474379133
9559369688
4896362685
8450875798
6955889428
7285296555
99371650
5754020284
860271981
4697624401
3422227440
9966154414
2995598575
9364589792
6715244900
1561793996
7366338483
838636664
8012087548
486719934
2061296025
3312007448
4774507561
3932554394
9025068852
2416086271
2439274687
5525342487
8203561471
5621781850
441844209
2932822959
7159867078
870023760
1044412350
6546961020
1989247609
4787247129
7045184277
6695139596
3406248263
6455675209
4549941032
5898872376
6174841185
3314898169
4320953683
7294500770
9370754212
7462966968
3284477466
3020278418
9795219600
4075470365
4451887462
8073489221
9432723346
4150393341
1413828369
2116849642
3763899728
5524736362
6843133123
2289533404
6390077980
2396810279
9845560905
1253249357
4146399729
6542415341
3464044369
1410608674
4062719809
6459778465
8549661016
4968322174
8198470851
9389832692
3408005364
8177858037
9621136483
9602425822
4498917598
5399801203
6428577298
8601716958
4910792482
5848093963
6194296971
7667100383
7418086758
3157399426
3754505198
3562003727
120782367
175938809
4077578084
6715373230
9506079217
2661061822
4406183588
63990332
9657640362
6530470520
4646009751
145726905
4757377228
3831045608
6729107479
5467110600
8939200500
8107713899
4480612623
7367462441
6903211447
8621585044
4453975292
7644701785
7983040138
1420397103
9989140226
8034928465
6269514371
2535490430
2589740706
9685613918
8653018199
5338222666
4612281424
3547941948
9862765066
6532926311
5906731205
8699151494
2225602675
403031201
6623332532
4187744524
3467311649
3099882844
1275638764
9900713305
9583339373
245347575
7654854948
7025257010
7069963984
6813008939
8967098313
8163107051
2743014368
4778014937
9084917854
7841296507
3761793938
6630588755
8187640150
3062145397
4015303754
1602337445
9726994120
1466780781
5336187376
6584949059
5194771174
8201490366
7127816172
4266381529
4560270358
9841833933
166805997
3362186639
7549800117
5283417849
6664709099
108432561
1410668305
1436712038
9980959047
4798268053
396043892
9472797349
2614063338
7682209549
6357008011
4130791950
2539530315
5314042108
3941006055
3098127799
1321092146
728277940
1592332082
5300914289
789610966
3026772886
5952318342
5147879440
8809220245
994358127
7550098802
9670866102
2664791420
292882167
4568154000
3646807692
3308611468
5989141996
2044593211
6096018007
8120909495
4895367297
185859142
4232768154
9888320026
2946992015
2694972655
5599962709
6572611936
4288783461
4621578638
7360263738
7814278528
5039132566
4969884062
7443909857
8131241472
1989671579
956727514
1180941720
9181661753
8047915846
1698496092
437372669
8638195052
6267988518
338684925
9099394204
8446510559
7869205340
1942430795
6280676387
7042893701
9595955026
3527509757
4013722650
6184584751
7581546229
4436154194
6277960970
5502315481
1375189553
7858962898
4481078992
2256677353
8803242742
9992224505
7815618099
4130646028
78379379
5950388032
8443746881
9577057310
7206703807
1124510979
5241819015
9562482421
4168195938
7689300769
5155472770
1042372495
2161406410
3789447367
4984225741
236572014
3972220407
3288983385
335819985
9218211860
880488251
2238461457
67349333
100522871
9594632430
3409256591
6014781885
3618590692
1487139784
8693028099
6369036605
1495105131
7245926133
7884320076
5068895952
1186505299
9194661751
317964499
3235644486
1164400290
4602143743
3177695834
6637052858
7506539020
8416462540
559751004
8132337276
4832611888
5065903930
4964783692
5584334239
4744677872
617937192
5513785934
3033975854
6164609158
2091286457
5270217014
8056332114
1659616541
1040614525
6552379610
2434596189
1610623592
3635943260
6415640124
8447388982
3493044143
2512206903
5089476496
1451788237
9022795263
9623964382
1497552607
8725158371
8879262259
2953539406
9781258400
8094751003
590962489
4503761207
8234779684
5504257425
408348491
4866758514
1268952611
1670390780
7858624786
6432730068
9062975558
95621801
1285305490
4459847866
1047770488
8062068440
4372406946
8830524748
8954998307
1881524003
7427533777
2893143267
6834907283
100895341
1585700542
5904379727
7503583338
7952188867
2406444802
9011790012
9963907820
1230450547
5531847751
3542609153
3964691872
6560279525
7304519523
2586182806
5562011968
5837317104
50334351
5173972386
1151577146
9832065682
1726142880
822961849
7197105205
5798893333
8636536716
7867310355
7022322606
2156705127
7661472017
5492148978
1250194980
7464025720
1972704986
4061486712
7998628307
6893678364
5397533800
3774028697
8683416565
976762285
8711036442
7778311706
8049259659
5924687546
2418484012
568635694
1756704275
1874679348
7629376833
1026814471
1879942609
9299663944
9806506412
3986693210
2040158426
9750282588
4831150865
1608161862
7757597371
8841836375
1942310862
9374583216
3412512064
8192107327
3935537207
6357874969
6076552606
4968581224
720887676
1020215672
3501673958
424036063
8687502800
6039117074
4533362901
9829462718
4765464043
623228225
7275200106
2289580053
8777959621
2386559065
2095931443
7549330892
3282310204
1298650272
3505119878
8757441086
5796976377
2583192476
6373787861
6412630360
225800992
3534136920
1199425683
7195813739
2595821852
2998654890
7138390269
1359389743
5299659001
3157942225
9905501737
7629554001
7169868804
331234886
7130037736
7245423184
3306296467
6510756071
1060669811
2219975174
4390821969
5203508340
7829545070
7875434407
250646581
6393332486
7907181717
736307605
6022775686
5042582967
4827537947
4104328999
2866775063
7119025821
6738096918
4994536979
4607804239
6058488679
4651869588
1679787927
3801333282
33058287
864560232
7845500881
746745685
613648689
8634622426
247350615
3477658277
5238949054
4889017971
3013567068
5147180
8487460264
8253521092
1564690322
3605093045
1762991094
9486351298
6304209385
6626923856
1759389266
8374580243
334395924
9047600558
4186025897
4679618308
6365599308
2790754948
7955497677
7387985471
7528002731
1394544143
6941749698
8919820805
1263775909
8645088349
6773633465
9491861840
610984470
5317449851
3528850998
5782621802
9935644242
5309351541
4942622541
3158494624
5810488113
8793607752
1313634822
7658027888
2880142229
7711900869
4480784132
9716387472
1471506463
4896089994
9878140289
3648173223
7498772586
548494622
897929364
