120
38
0 1 1
1 4 2 3 4 5
2 5 6 7 8 9 10
3 5 11 12 13 14 15
4 1 16
5 5 17 18 19 20 21
6 2 22 23
7 3 24 25 26
8 3 27 28 29
9 5 30 31 32 33 34
10 1 35
11 2 36 37
12 0
13 0
14 0
15 0
16 0
17 0
18 0
19 0
20 0
21 0
22 0
23 0
24 0
25 0
26 0
27 0
28 0
29 0
30 0
31 0
32 0
33 0
34 0
35 0
36 0
37 0
77
0 1 1
1 3 2 3 4
2 1 5
3 2 6 7
4 3 8 9 10
5 2 11 12
6 3 13 14 15
7 5 16 17 18 19 20
8 4 21 22 23 24
9 3 25 26 27
10 5 28 29 30 31 32
11 4 33 34 35 36
12 5 37 38 39 40 41
13 2 42 43
14 4 44 45 46 47
15 2 48 49
16 3 50 51 52
17 4 53 54 55 56
18 3 57 58 59
19 5 60 61 62 63 64
20 4 65 66 67 68
21 5 69 70 71 72 73
22 1 74
23 2 75 76
24 0
25 0
26 0
27 0
28 0
29 0
30 0
31 0
32 0
33 0
34 0
35 0
36 0
37 0
38 0
39 0
40 0
41 0
42 0
43 0
44 0
45 0
46 0
47 0
48 0
49 0
50 0
51 0
52 0
53 0
54 0
55 0
56 0
57 0
58 0
59 0
60 0
61 0
62 0
63 0
64 0
65 0
66 0
67 0
68 0
69 0
70 0
71 0
72 0
73 0
74 0
75 0
76 0
90
0 3 1 2 3
1 3 4 5 6
2 3 7 8 9
3 5 10 11 12 13 14
4 5 15 16 17 18 19
5 1 20
6 2 21 22
7 1 23
8 2 24 25
9 4 26 27 28 29
10 3 30 31 32
11 1 33
12 4 34 35 36 37
13 3 38 39 40
14 5 41 42 43 44 45
15 4 46 47 48 49
16 4 50 51 52 53
17 3 54 55 56
18 2 57 58
19 4 59 60 61 62
20 1 63
21 5 64 65 66 67 68
22 1 69
23 3 70 71 72
24 5 73 74 75 76 77
25 4 78 79 80 81
26 5 82 83 84 85 86
27 3 87 88 89
28 0
29 0
30 0
31 0
32 0
33 0
34 0
35 0
36 0
37 0
38 0
39 0
40 0
41 0
42 0
43 0
44 0
45 0
46 0
47 0
48 0
49 0
50 0
51 0
52 0
53 0
54 0
55 0
56 0
57 0
58 0
59 0
60 0
61 0
62 0
63 0
64 0
65 0
66 0
67 0
68 0
69 0
70 0
71 0
72 0
73 0
74 0
75 0
76 0
77 0
78 0
79 0
80 0
81 0
82 0
83 0
84 0
85 0
86 0
87 0
88 0
89 0
26
0 4 1 2 3 4
1 2 5 6
2 4 7 8 9 10
3 3 11 12 13
4 2 14 15
5 2 16 17
6 3 18 19 20
7 1 21
8 2 22 23
9 1 24
10 1 25
11 0
12 0
13 0
14 0
15 0
16 0
17 0
18 0
19 0
20 0
21 0
22 0
23 0
24 0
25 0
43
0 3 1 2 3
1 5 4 5 6 7 8
2 5 9 10 11 12 13
3 5 14 15 16 17 18
4 3 19 20 21
5 3 22 23 24
6 3 25 26 27
7 1 28
8 4 29 30 31 32
9 2 33 34
10 2 35 36
11 5 37 38 39 40 41
12 1 42
13 0
14 0
15 0
16 0
17 0
18 0
19 0
20 0
21 0
22 0
23 0
24 0
25 0
26 0
27 0
28 0
29 0
30 0
31 0
32 0
33 0
34 0
35 0
36 0
37 0
38 0
39 0
40 0
41 0
42 0
88
0 2 1 2
1 2 3 4
2 5 5 6 7 8 9
3 2 10 11
4 4 12 13 14 15
5 5 16 17 18 19 20
6 3 21 22 23
7 4 24 25 26 27
8 2 28 29
9 5 30 31 32 33 34
10 4 35 36 37 38
11 5 39 40 41 42 43
12 5 44 45 46 47 48
13 2 49 50
14 1 51
15 3 52 53 54
16 4 55 56 57 58
17 4 59 60 61 62
18 5 63 64 65 66 67
19 1 68
20 5 69 70 71 72 73
21 3 74 75 76
22 1 77
23 4 78 79 80 81
24 3 82 83 84
25 3 85 86 87
26 0
27 0
28 0
29 0
30 0
31 0
32 0
33 0
34 0
35 0
36 0
37 0
38 0
39 0
40 0
41 0
42 0
43 0
44 0
45 0
46 0
47 0
48 0
49 0
50 0
51 0
52 0
53 0
54 0
55 0
56 0
57 0
58 0
59 0
60 0
61 0
62 0
63 0
64 0
65 0
66 0
67 0
68 0
69 0
70 0
71 0
72 0
73 0
74 0
75 0
76 0
77 0
78 0
79 0
80 0
81 0
82 0
83 0
84 0
85 0
86 0
87 0
91
0 4 1 2 3 4
1 4 5 6 7 8
2 2 9 10
3 4 11 12 13 14
4 4 15 16 17 18
5 5 19 20 21 22 23
6 5 24 25 26 27 28
7 4 29 30 31 32
8 5 33 34 35 36 37
9 2 38 39
10 1 40
11 2 41 42
12 4 43 44 45 46
13 1 47
14 1 48
15 3 49 50 51
16 5 52 53 54 55 56
17 5 57 58 59 60 61
18 1 62
19 2 63 64
20 3 65 66 67
21 2 68 69
22 3 70 71 72
23 1 73
24 1 74
25 2 75 76
26 1 77
27 2 78 79
28 2 80 81
29 1 82
30 3 83 84 85
31 2 86 87
32 1 88
33 2 89 90
34 0
35 0
36 0
37 0
38 0
39 0
40 0
41 0
42 0
43 0
44 0
45 0
46 0
47 0
48 0
49 0
50 0
51 0
52 0
53 0
54 0
55 0
56 0
57 0
58 0
59 0
60 0
61 0
62 0
63 0
64 0
65 0
66 0
67 0
68 0
69 0
70 0
71 0
72 0
73 0
74 0
75 0
76 0
77 0
78 0
79 0
80 0
81 0
82 0
83 0
84 0
85 0
86 0
87 0
88 0
89 0
90 0
60
0 5 1 2 3 4 5
1 3 6 7 8
2 1 9
3 2 10 11
4 2 12 13
5 3 14 15 16
6 3 17 18 19
7 3 20 21 22
8 1 23
9 5 24 25 26 27 28
10 5 29 30 31 32 33
11 4 34 35 36 37
12 2 38 39
13 3 40 41 42
14 3 43 44 45
15 4 46 47 48 49
16 2 50 51
17 2 52 53
18 2 54 55
19 3 56 57 58
20 1 59
21 0
22 0
23 0
24 0
25 0
26 0
27 0
28 0
29 0
30 0
31 0
32 0
33 0
34 0
35 0
36 0
37 0
38 0
39 0
40 0
41 0
42 0
43 0
44 0
45 0
46 0
47 0
48 0
49 0
50 0
51 0
52 0
53 0
54 0
55 0
56 0
57 0
58 0
59 0
41
0 1 1
1 5 2 3 4 5 6
2 4 7 8 9 10
3 5 11 12 13 14 15
4 3 16 17 18
5 3 19 20 21
6 1 22
7 1 23
8 5 24 25 26 27 28
9 1 29
10 5 30 31 32 33 34
11 4 35 36 37 38
12 2 39 40
13 0
14 0
15 0
16 0
17 0
18 0
19 0
20 0
21 0
22 0
23 0
24 0
25 0
26 0
27 0
28 0
29 0
30 0
31 0
32 0
33 0
34 0
35 0
36 0
37 0
38 0
39 0
40 0
39
0 5 1 2 3 4 5
1 2 6 7
2 2 8 9
3 4 10 11 12 13
4 1 14
5 2 15 16
6 5 17 18 19 20 21
7 5 22 23 24 25 26
8 2 27 28
9 3 29 30 31
10 4 32 33 34 35
11 2 36 37
12 1 38
13 0
14 0
15 0
16 0
17 0
18 0
19 0
20 0
21 0
22 0
23 0
24 0
25 0
26 0
27 0
28 0
29 0
30 0
31 0
32 0
33 0
34 0
35 0
36 0
37 0
38 0
60
0 3 1 2 3
1 3 4 5 6
2 3 7 8 9
3 5 10 11 12 13 14
4 3 15 16 17
5 3 18 19 20
6 3 21 22 23
7 1 24
8 3 25 26 27
9 3 28 29 30
10 5 31 32 33 34 35
11 1 36
12 2 37 38
13 4 39 40 41 42
14 1 43
15 2 44 45
16 5 46 47 48 49 50
17 3 51 52 53
18 4 54 55 56 57
19 1 58
20 1 59
21 0
22 0
23 0
24 0
25 0
26 0
27 0
28 0
29 0
30 0
31 0
32 0
33 0
34 0
35 0
36 0
37 0
38 0
39 0
40 0
41 0
42 0
43 0
44 0
45 0
46 0
47 0
48 0
49 0
50 0
51 0
52 0
53 0
54 0
55 0
56 0
57 0
58 0
59 0
77
0 3 1 2 3
1 2 4 5
2 4 6 7 8 9
3 3 10 11 12
4 3 13 14 15
5 2 16 17
6 5 18 19 20 21 22
7 2 23 24
8 4 25 26 27 28
9 2 29 30
10 1 31
11 5 32 33 34 35 36
12 5 37 38 39 40 41
13 3 42 43 44
14 2 45 46
15 1 47
16 2 48 49
17 3 50 51 52
18 5 53 54 55 56 57
19 1 58
20 5 59 60 61 62 63
21 4 64 65 66 67
22 5 68 69 70 71 72
23 2 73 74
24 1 75
25 1 76
26 0
27 0
28 0
29 0
30 0
31 0
32 0
33 0
34 0
35 0
36 0
37 0
38 0
39 0
40 0
41 0
42 0
43 0
44 0
45 0
46 0
47 0
48 0
49 0
50 0
51 0
52 0
53 0
54 0
55 0
56 0
57 0
58 0
59 0
60 0
61 0
62 0
63 0
64 0
65 0
66 0
67 0
68 0
69 0
70 0
71 0
72 0
73 0
74 0
75 0
76 0
29
0 2 1 2
1 4 3 4 5 6
2 4 7 8 9 10
3 4 11 12 13 14
4 4 15 16 17 18
5 1 19
6 1 20
7 1 21
8 4 22 23 24 25
9 3 26 27 28
10 0
11 0
12 0
13 0
14 0
15 0
16 0
17 0
18 0
19 0
20 0
21 0
22 0
23 0
24 0
25 0
26 0
27 0
28 0
96
0 5 1 2 3 4 5
1 2 6 7
2 2 8 9
3 5 10 11 12 13 14
4 4 15 16 17 18
5 2 19 20
6 3 21 22 23
7 2 24 25
8 4 26 27 28 29
9 3 30 31 32
10 3 33 34 35
11 5 36 37 38 39 40
12 1 41
13 3 42 43 44
14 3 45 46 47
15 2 48 49
16 1 50
17 1 51
18 4 52 53 54 55
19 5 56 57 58 59 60
20 4 61 62 63 64
21 1 65
22 2 66 67
23 2 68 69
24 2 70 71
25 3 72 73 74
26 2 75 76
27 3 77 78 79
28 5 80 81 82 83 84
29 3 85 86 87
30 4 88 89 90 91
31 2 92 93
32 2 94 95
33 0
34 0
35 0
36 0
37 0
38 0
39 0
40 0
41 0
42 0
43 0
44 0
45 0
46 0
47 0
48 0
49 0
50 0
51 0
52 0
53 0
54 0
55 0
56 0
57 0
58 0
59 0
60 0
61 0
62 0
63 0
64 0
65 0
66 0
67 0
68 0
69 0
70 0
71 0
72 0
73 0
74 0
75 0
76 0
77 0
78 0
79 0
80 0
81 0
82 0
83 0
84 0
85 0
86 0
87 0
88 0
89 0
90 0
91 0
92 0
93 0
94 0
95 0
45
0 3 1 2 3
1 2 4 5
2 2 6 7
3 3 8 9 10
4 5 11 12 13 14 15
5 5 16 17 18 19 20
6 3 21 22 23
7 2 24 25
8 2 26 27
9 3 28 29 30
10 1 31
11 3 32 33 34
12 5 35 36 37 38 39
13 4 40 41 42 43
14 1 44
15 0
16 0
17 0
18 0
19 0
20 0
21 0
22 0
23 0
24 0
25 0
26 0
27 0
28 0
29 0
30 0
31 0
32 0
33 0
34 0
35 0
36 0
37 0
38 0
39 0
40 0
41 0
42 0
43 0
44 0
23
0 5 1 2 3 4 5
1 1 6
2 2 7 8
3 1 9
4 4 10 11 12 13
5 1 14
6 2 15 16
7 3 17 18 19
8 2 20 21
9 1 22
10 0
11 0
12 0
13 0
14 0
15 0
16 0
17 0
18 0
19 0
20 0
21 0
22 0
60
0 2 1 2
1 1 3
2 2 4 5
3 1 6
4 3 7 8 9
5 5 10 11 12 13 14
6 3 15 16 17
7 2 18 19
8 4 20 21 22 23
9 1 24
10 1 25
11 5 26 27 28 29 30
12 5 31 32 33 34 35
13 4 36 37 38 39
14 2 40 41
15 3 42 43 44
16 1 45
17 5 46 47 48 49 50
18 5 51 52 53 54 55
19 1 56
20 3 57 58 59
21 0
22 0
23 0
24 0
25 0
26 0
27 0
28 0
29 0
30 0
31 0
32 0
33 0
34 0
35 0
36 0
37 0
38 0
39 0
40 0
41 0
42 0
43 0
44 0
45 0
46 0
47 0
48 0
49 0
50 0
51 0
52 0
53 0
54 0
55 0
56 0
57 0
58 0
59 0
40
0 2 1 2
1 1 3
2 2 4 5
3 2 6 7
4 4 8 9 10 11
5 5 12 13 14 15 16
6 2 17 18
7 5 19 20 21 22 23
8 1 24
9 5 25 26 27 28 29
10 5 30 31 32 33 34
11 4 35 36 37 38
12 1 39
13 0
14 0
15 0
16 0
17 0
18 0
19 0
20 0
21 0
22 0
23 0
24 0
25 0
26 0
27 0
28 0
29 0
30 0
31 0
32 0
33 0
34 0
35 0
36 0
37 0
38 0
39 0
95
0 4 1 2 3 4
1 1 5
2 1 6
3 3 7 8 9
4 2 10 11
5 3 12 13 14
6 5 15 16 17 18 19
7 1 20
8 4 21 22 23 24
9 2 25 26
10 4 27 28 29 30
11 4 31 32 33 34
12 5 35 36 37 38 39
13 2 40 41
14 2 42 43
15 1 44
16 5 45 46 47 48 49
17 3 50 51 52
18 1 53
19 4 54 55 56 57
20 5 58 59 60 61 62
21 5 63 64 65 66 67
22 2 68 69
23 2 70 71
24 5 72 73 74 75 76
25 4 77 78 79 80
26 1 81
27 2 82 83
28 1 84
29 2 85 86
30 2 87 88
31 1 89
32 1 90
33 2 91 92
34 2 93 94
35 0
36 0
37 0
38 0
39 0
40 0
41 0
42 0
43 0
44 0
45 0
46 0
47 0
48 0
49 0
50 0
51 0
52 0
53 0
54 0
55 0
56 0
57 0
58 0
59 0
60 0
61 0
62 0
63 0
64 0
65 0
66 0
67 0
68 0
69 0
70 0
71 0
72 0
73 0
74 0
75 0
76 0
77 0
78 0
79 0
80 0
81 0
82 0
83 0
84 0
85 0
86 0
87 0
88 0
89 0
90 0
91 0
92 0
93 0
94 0
35
0 2 1 2
1 2 3 4
2 4 5 6 7 8
3 5 9 10 11 12 13
4 4 14 15 16 17
5 3 18 19 20
6 5 21 22 23 24 25
7 2 26 27
8 1 28
9 1 29
10 2 30 31
11 3 32 33 34
12 0
13 0
14 0
15 0
16 0
17 0
18 0
19 0
20 0
21 0
22 0
23 0
24 0
25 0
26 0
27 0
28 0
29 0
30 0
31 0
32 0
33 0
34 0
24
0 3 1 2 3
1 5 4 5 6 7 8
2 4 9 10 11 12
3 5 13 14 15 16 17
4 5 18 19 20 21 22
5 1 23
6 0
7 0
8 0
9 0
10 0
11 0
12 0
13 0
14 0
15 0
16 0
17 0
18 0
19 0
20 0
21 0
22 0
23 0
81
0 2 1 2
1 3 3 4 5
2 3 6 7 8
3 3 9 10 11
4 1 12
5 4 13 14 15 16
6 3 17 18 19
7 4 20 21 22 23
8 2 24 25
9 4 26 27 28 29
10 5 30 31 32 33 34
11 4 35 36 37 38
12 2 39 40
13 5 41 42 43 44 45
14 2 46 47
15 5 48 49 50 51 52
16 3 53 54 55
17 5 56 57 58 59 60
18 3 61 62 63
19 2 64 65
20 5 66 67 68 69 70
21 5 71 72 73 74 75
22 5 76 77 78 79 80
23 0
24 0
25 0
26 0
27 0
28 0
29 0
30 0
31 0
32 0
33 0
34 0
35 0
36 0
37 0
38 0
39 0
40 0
41 0
42 0
43 0
44 0
45 0
46 0
47 0
48 0
49 0
50 0
51 0
52 0
53 0
54 0
55 0
56 0
57 0
58 0
59 0
60 0
61 0
62 0
63 0
64 0
65 0
66 0
67 0
68 0
69 0
70 0
71 0
72 0
73 0
74 0
75 0
76 0
77 0
78 0
79 0
80 0
35
0 3 1 2 3
1 2 4 5
2 5 6 7 8 9 10
3 2 11 12
4 3 13 14 15
5 5 16 17 18 19 20
6 4 21 22 23 24
7 3 25 26 27
8 3 28 29 30
9 2 31 32
10 2 33 34
11 0
12 0
13 0
14 0
15 0
16 0
17 0
18 0
19 0
20 0
21 0
22 0
23 0
24 0
25 0
26 0
27 0
28 0
29 0
30 0
31 0
32 0
33 0
34 0
92
0 5 1 2 3 4 5
1 5 6 7 8 9 10
2 1 11
3 2 12 13
4 5 14 15 16 17 18
5 1 19
6 3 20 21 22
7 3 23 24 25
8 5 26 27 28 29 30
9 5 31 32 33 34 35
10 1 36
11 5 37 38 39 40 41
12 2 42 43
13 2 44 45
14 4 46 47 48 49
15 1 50
16 3 51 52 53
17 4 54 55 56 57
18 3 58 59 60
19 3 61 62 63
20 1 64
21 1 65
22 5 66 67 68 69 70
23 4 71 72 73 74
24 1 75
25 4 76 77 78 79
26 3 80 81 82
27 2 83 84
28 4 85 86 87 88
29 3 89 90 91
30 0
31 0
32 0
33 0
34 0
35 0
36 0
37 0
38 0
39 0
40 0
41 0
42 0
43 0
44 0
45 0
46 0
47 0
48 0
49 0
50 0
51 0
52 0
53 0
54 0
55 0
56 0
57 0
58 0
59 0
60 0
61 0
62 0
63 0
64 0
65 0
66 0
67 0
68 0
69 0
70 0
71 0
72 0
73 0
74 0
75 0
76 0
77 0
78 0
79 0
80 0
81 0
82 0
83 0
84 0
85 0
86 0
87 0
88 0
89 0
90 0
91 0
93
0 3 1 2 3
1 1 4
2 2 5 6
3 3 7 8 9
4 1 10
5 3 11 12 13
6 4 14 15 16 17
7 4 18 19 20 21
8 2 22 23
9 2 24 25
10 3 26 27 28
11 1 29
12 3 30 31 32
13 4 33 34 35 36
14 4 37 38 39 40
15 4 41 42 43 44
16 3 45 46 47
17 2 48 49
18 1 50
19 1 51
20 5 52 53 54 55 56
21 2 57 58
22 1 59
23 3 60 61 62
24 5 63 64 65 66 67
25 4 68 69 70 71
26 4 72 73 74 75
27 1 76
28 5 77 78 79 80 81
29 5 82 83 84 85 86
30 4 87 88 89 90
31 2 91 92
32 0
33 0
34 0
35 0
36 0
37 0
38 0
39 0
40 0
41 0
42 0
43 0
44 0
45 0
46 0
47 0
48 0
49 0
50 0
51 0
52 0
53 0
54 0
55 0
56 0
57 0
58 0
59 0
60 0
61 0
62 0
63 0
64 0
65 0
66 0
67 0
68 0
69 0
70 0
71 0
72 0
73 0
74 0
75 0
76 0
77 0
78 0
79 0
80 0
81 0
82 0
83 0
84 0
85 0
86 0
87 0
88 0
89 0
90 0
91 0
92 0
34
0 5 1 2 3 4 5
1 1 6
2 1 7
3 1 8
4 5 9 10 11 12 13
5 5 14 15 16 17 18
6 1 19
7 2 20 21
8 1 22
9 5 23 24 25 26 27
10 1 28
11 5 29 30 31 32 33
12 0
13 0
14 0
15 0
16 0
17 0
18 0
19 0
20 0
21 0
22 0
23 0
24 0
25 0
26 0
27 0
28 0
29 0
30 0
31 0
32 0
33 0
90
0 4 1 2 3 4
1 3 5 6 7
2 3 8 9 10
3 4 11 12 13 14
4 2 15 16
5 1 17
6 4 18 19 20 21
7 2 22 23
8 1 24
9 3 25 26 27
10 1 28
11 2 29 30
12 2 31 32
13 3 33 34 35
14 5 36 37 38 39 40
15 3 41 42 43
16 2 44 45
17 1 46
18 4 47 48 49 50
19 1 51
20 1 52
21 4 53 54 55 56
22 3 57 58 59
23 2 60 61
24 4 62 63 64 65
25 5 66 67 68 69 70
26 2 71 72
27 1 73
28 5 74 75 76 77 78
29 2 79 80
30 5 81 82 83 84 85
31 1 86
32 3 87 88 89
33 0
34 0
35 0
36 0
37 0
38 0
39 0
40 0
41 0
42 0
43 0
44 0
45 0
46 0
47 0
48 0
49 0
50 0
51 0
52 0
53 0
54 0
55 0
56 0
57 0
58 0
59 0
60 0
61 0
62 0
63 0
64 0
65 0
66 0
67 0
68 0
69 0
70 0
71 0
72 0
73 0
74 0
75 0
76 0
77 0
78 0
79 0
80 0
81 0
82 0
83 0
84 0
85 0
86 0
87 0
88 0
89 0
63
0 5 1 2 3 4 5
1 1 6
2 1 7
3 4 8 9 10 11
4 2 12 13
5 2 14 15
6 4 16 17 18 19
7 5 20 21 22 23 24
8 1 25
9 5 26 27 28 29 30
10 5 31 32 33 34 35
11 3 36 37 38
12 4 39 40 41 42
13 4 43 44 45 46
14 2 47 48
15 4 49 50 51 52
16 2 53 54
17 4 55 56 57 58
18 2 59 60
19 2 61 62
20 0
21 0
22 0
23 0
24 0
25 0
26 0
27 0
28 0
29 0
30 0
31 0
32 0
33 0
34 0
35 0
36 0
37 0
38 0
39 0
40 0
41 0
42 0
43 0
44 0
45 0
46 0
47 0
48 0
49 0
50 0
51 0
52 0
53 0
54 0
55 0
56 0
57 0
58 0
59 0
60 0
61 0
62 0
99
0 1 1
1 2 2 3
2 3 4 5 6
3 4 7 8 9 10
4 2 11 12
5 5 13 14 15 16 17
6 3 18 19 20
7 4 21 22 23 24
8 3 25 26 27
9 5 28 29 30 31 32
10 4 33 34 35 36
11 2 37 38
12 3 39 40 41
13 4 42 43 44 45
14 3 46 47 48
15 5 49 50 51 52 53
16 2 54 55
17 3 56 57 58
18 4 59 60 61 62
19 2 63 64
20 1 65
21 2 66 67
22 4 68 69 70 71
23 5 72 73 74 75 76
24 5 77 78 79 80 81
25 5 82 83 84 85 86
26 2 87 88
27 2 89 90
28 1 91
29 1 92
30 5 93 94 95 96 97
31 1 98
32 0
33 0
34 0
35 0
36 0
37 0
38 0
39 0
40 0
41 0
42 0
43 0
44 0
45 0
46 0
47 0
48 0
49 0
50 0
51 0
52 0
53 0
54 0
55 0
56 0
57 0
58 0
59 0
60 0
61 0
62 0
63 0
64 0
65 0
66 0
67 0
68 0
69 0
70 0
71 0
72 0
73 0
74 0
75 0
76 0
77 0
78 0
79 0
80 0
81 0
82 0
83 0
84 0
85 0
86 0
87 0
88 0
89 0
90 0
91 0
92 0
93 0
94 0
95 0
96 0
97 0
98 0
38
0 5 1 2 3 4 5
1 5 6 7 8 9 10
2 4 11 12 13 14
3 2 15 16
4 3 17 18 19
5 1 20
6 2 21 22
7 1 23
8 4 24 25 26 27
9 2 28 29
10 1 30
11 3 31 32 33
12 4 34 35 36 37
13 0
14 0
15 0
16 0
17 0
18 0
19 0
20 0
21 0
22 0
23 0
24 0
25 0
26 0
27 0
28 0
29 0
30 0
31 0
32 0
33 0
34 0
35 0
36 0
37 0
85
0 2 1 2
1 5 3 4 5 6 7
2 4 8 9 10 11
3 3 12 13 14
4 2 15 16
5 3 17 18 19
6 5 20 21 22 23 24
7 4 25 26 27 28
8 3 29 30 31
9 5 32 33 34 35 36
10 3 37 38 39
11 5 40 41 42 43 44
12 3 45 46 47
13 5 48 49 50 51 52
14 4 53 54 55 56
15 2 57 58
16 1 59
17 1 60
18 2 61 62
19 3 63 64 65
20 4 66 67 68 69
21 1 70
22 2 71 72
23 3 73 74 75
24 4 76 77 78 79
25 5 80 81 82 83 84
26 0
27 0
28 0
29 0
30 0
31 0
32 0
33 0
34 0
35 0
36 0
37 0
38 0
39 0
40 0
41 0
42 0
43 0
44 0
45 0
46 0
47 0
48 0
49 0
50 0
51 0
52 0
53 0
54 0
55 0
56 0
57 0
58 0
59 0
60 0
61 0
62 0
63 0
64 0
65 0
66 0
67 0
68 0
69 0
70 0
71 0
72 0
73 0
74 0
75 0
76 0
77 0
78 0
79 0
80 0
81 0
82 0
83 0
84 0
58
0 3 1 2 3
1 1 4
2 4 5 6 7 8
3 1 9
4 3 10 11 12
5 2 13 14
6 2 15 16
7 4 17 18 19 20
8 5 21 22 23 24 25
9 5 26 27 28 29 30
10 2 31 32
11 1 33
12 2 34 35
13 4 36 37 38 39
14 3 40 41 42
15 5 43 44 45 46 47
16 4 48 49 50 51
17 3 52 53 54
18 1 55
19 2 56 57
20 0
21 0
22 0
23 0
24 0
25 0
26 0
27 0
28 0
29 0
30 0
31 0
32 0
33 0
34 0
35 0
36 0
37 0
38 0
39 0
40 0
41 0
42 0
43 0
44 0
45 0
46 0
47 0
48 0
49 0
50 0
51 0
52 0
53 0
54 0
55 0
56 0
57 0
50
0 5 1 2 3 4 5
1 5 6 7 8 9 10
2 4 11 12 13 14
3 2 15 16
4 2 17 18
5 2 19 20
6 3 21 22 23
7 4 24 25 26 27
8 5 28 29 30 31 32
9 5 33 34 35 36 37
10 4 38 39 40 41
11 5 42 43 44 45 46
12 3 47 48 49
13 0
14 0
15 0
16 0
17 0
18 0
19 0
20 0
21 0
22 0
23 0
24 0
25 0
26 0
27 0
28 0
29 0
30 0
31 0
32 0
33 0
34 0
35 0
36 0
37 0
38 0
39 0
40 0
41 0
42 0
43 0
44 0
45 0
46 0
47 0
48 0
49 0
85
0 3 1 2 3
1 3 4 5 6
2 3 7 8 9
3 5 10 11 12 13 14
4 4 15 16 17 18
5 4 19 20 21 22
6 3 23 24 25
7 2 26 27
8 2 28 29
9 3 30 31 32
10 2 33 34
11 3 35 36 37
12 2 38 39
13 2 40 41
14 3 42 43 44
15 1 45
16 1 46
17 1 47
18 5 48 49 50 51 52
19 3 53 54 55
20 5 56 57 58 59 60
21 4 61 62 63 64
22 1 65
23 5 66 67 68 69 70
24 4 71 72 73 74
25 2 75 76
26 5 77 78 79 80 81
27 3 82 83 84
28 0
29 0
30 0
31 0
32 0
33 0
34 0
35 0
36 0
37 0
38 0
39 0
40 0
41 0
42 0
43 0
44 0
45 0
46 0
47 0
48 0
49 0
50 0
51 0
52 0
53 0
54 0
55 0
56 0
57 0
58 0
59 0
60 0
61 0
62 0
63 0
64 0
65 0
66 0
67 0
68 0
69 0
70 0
71 0
72 0
73 0
74 0
75 0
76 0
77 0
78 0
79 0
80 0
81 0
82 0
83 0
84 0
38
0 1 1
1 1 2
2 4 3 4 5 6
3 4 7 8 9 10
4 2 11 12
5 2 13 14
6 2 15 16
7 4 17 18 19 20
8 3 21 22 23
9 2 24 25
10 4 26 27 28 29
11 1 30
12 5 31 32 33 34 35
13 2 36 37
14 0
15 0
16 0
17 0
18 0
19 0
20 0
21 0
22 0
23 0
24 0
25 0
26 0
27 0
28 0
29 0
30 0
31 0
32 0
33 0
34 0
35 0
36 0
37 0
40
0 5 1 2 3 4 5
1 4 6 7 8 9
2 4 10 11 12 13
3 1 14
4 2 15 16
5 3 17 18 19
6 4 20 21 22 23
7 2 24 25
8 4 26 27 28 29
9 3 30 31 32
10 4 33 34 35 36
11 2 37 38
12 1 39
13 0
14 0
15 0
16 0
17 0
18 0
19 0
20 0
21 0
22 0
23 0
24 0
25 0
26 0
27 0
28 0
29 0
30 0
31 0
32 0
33 0
34 0
35 0
36 0
37 0
38 0
39 0
75
0 1 1
1 5 2 3 4 5 6
2 4 7 8 9 10
3 5 11 12 13 14 15
4 2 16 17
5 3 18 19 20
6 1 21
7 5 22 23 24 25 26
8 4 27 28 29 30
9 5 31 32 33 34 35
10 1 36
11 5 37 38 39 40 41
12 2 42 43
13 5 44 45 46 47 48
14 4 49 50 51 52
15 3 53 54 55
16 4 56 57 58 59
17 3 60 61 62
18 1 63
19 4 64 65 66 67
20 1 68
21 4 69 70 71 72
22 2 73 74
23 0
24 0
25 0
26 0
27 0
28 0
29 0
30 0
31 0
32 0
33 0
34 0
35 0
36 0
37 0
38 0
39 0
40 0
41 0
42 0
43 0
44 0
45 0
46 0
47 0
48 0
49 0
50 0
51 0
52 0
53 0
54 0
55 0
56 0
57 0
58 0
59 0
60 0
61 0
62 0
63 0
64 0
65 0
66 0
67 0
68 0
69 0
70 0
71 0
72 0
73 0
74 0
38
0 2 1 2
1 2 3 4
2 2 5 6
3 3 7 8 9
4 3 10 11 12
5 3 13 14 15
6 3 16 17 18
7 4 19 20 21 22
8 5 23 24 25 26 27
9 5 28 29 30 31 32
10 4 33 34 35 36
11 1 37
12 0
13 0
14 0
15 0
16 0
17 0
18 0
19 0
20 0
21 0
22 0
23 0
24 0
25 0
26 0
27 0
28 0
29 0
30 0
31 0
32 0
33 0
34 0
35 0
36 0
37 0
50
0 3 1 2 3
1 2 4 5
2 4 6 7 8 9
3 3 10 11 12
4 1 13
5 3 14 15 16
6 4 17 18 19 20
7 1 21
8 4 22 23 24 25
9 1 26
10 5 27 28 29 30 31
11 2 32 33
12 1 34
13 1 35
14 3 36 37 38
15 4 39 40 41 42
16 1 43
17 2 44 45
18 4 46 47 48 49
19 0
20 0
21 0
22 0
23 0
24 0
25 0
26 0
27 0
28 0
29 0
30 0
31 0
32 0
33 0
34 0
35 0
36 0
37 0
38 0
39 0
40 0
41 0
42 0
43 0
44 0
45 0
46 0
47 0
48 0
49 0
67
0 3 1 2 3
1 1 4
2 1 5
3 4 6 7 8 9
4 2 10 11
5 2 12 13
6 4 14 15 16 17
7 5 18 19 20 21 22
8 1 23
9 1 24
10 2 25 26
11 1 27
12 2 28 29
13 4 30 31 32 33
14 4 34 35 36 37
15 3 38 39 40
16 5 41 42 43 44 45
17 5 46 47 48 49 50
18 5 51 52 53 54 55
19 3 56 57 58
20 4 59 60 61 62
21 3 63 64 65
22 1 66
23 0
24 0
25 0
26 0
27 0
28 0
29 0
30 0
31 0
32 0
33 0
34 0
35 0
36 0
37 0
38 0
39 0
40 0
41 0
42 0
43 0
44 0
45 0
46 0
47 0
48 0
49 0
50 0
51 0
52 0
53 0
54 0
55 0
56 0
57 0
58 0
59 0
60 0
61 0
62 0
63 0
64 0
65 0
66 0
23
0 4 1 2 3 4
1 1 5
2 4 6 7 8 9
3 2 10 11
4 5 12 13 14 15 16
5 4 17 18 19 20
6 1 21
7 1 22
8 0
9 0
10 0
11 0
12 0
13 0
14 0
15 0
16 0
17 0
18 0
19 0
20 0
21 0
22 0
98
0 3 1 2 3
1 2 4 5
2 4 6 7 8 9
3 5 10 11 12 13 14
4 5 15 16 17 18 19
5 5 20 21 22 23 24
6 5 25 26 27 28 29
7 5 30 31 32 33 34
8 4 35 36 37 38
9 1 39
10 5 40 41 42 43 44
11 4 45 46 47 48
12 1 49
13 5 50 51 52 53 54
14 2 55 56
15 4 57 58 59 60
16 4 61 62 63 64
17 5 65 66 67 68 69
18 3 70 71 72
19 2 73 74
20 3 75 76 77
21 1 78
22 4 79 80 81 82
23 2 83 84
24 5 85 86 87 88 89
25 5 90 91 92 93 94
26 3 95 96 97
27 0
28 0
29 0
30 0
31 0
32 0
33 0
34 0
35 0
36 0
37 0
38 0
39 0
40 0
41 0
42 0
43 0
44 0
45 0
46 0
47 0
48 0
49 0
50 0
51 0
52 0
53 0
54 0
55 0
56 0
57 0
58 0
59 0
60 0
61 0
62 0
63 0
64 0
65 0
66 0
67 0
68 0
69 0
70 0
71 0
72 0
73 0
74 0
75 0
76 0
77 0
78 0
79 0
80 0
81 0
82 0
83 0
84 0
85 0
86 0
87 0
88 0
89 0
90 0
91 0
92 0
93 0
94 0
95 0
96 0
97 0
68
0 1 1
1 5 2 3 4 5 6
2 2 7 8
3 4 9 10 11 12
4 5 13 14 15 16 17
5 2 18 19
6 1 20
7 3 21 22 23
8 4 24 25 26 27
9 5 28 29 30 31 32
10 3 33 34 35
11 1 36
12 4 37 38 39 40
13 5 41 42 43 44 45
14 2 46 47
15 5 48 49 50 51 52
16 4 53 54 55 56
17 5 57 58 59 60 61
18 5 62 63 64 65 66
19 1 67
20 0
21 0
22 0
23 0
24 0
25 0
26 0
27 0
28 0
29 0
30 0
31 0
32 0
33 0
34 0
35 0
36 0
37 0
38 0
39 0
40 0
41 0
42 0
43 0
44 0
45 0
46 0
47 0
48 0
49 0
50 0
51 0
52 0
53 0
54 0
55 0
56 0
57 0
58 0
59 0
60 0
61 0
62 0
63 0
64 0
65 0
66 0
67 0
88
0 5 1 2 3 4 5
1 3 6 7 8
2 2 9 10
3 5 11 12 13 14 15
4 1 16
5 5 17 18 19 20 21
6 3 22 23 24
7 4 25 26 27 28
8 4 29 30 31 32
9 5 33 34 35 36 37
10 4 38 39 40 41
11 3 42 43 44
12 2 45 46
13 2 47 48
14 2 49 50
15 5 51 52 53 54 55
16 4 56 57 58 59
17 3 60 61 62
18 4 63 64 65 66
19 5 67 68 69 70 71
20 1 72
21 1 73
22 2 74 75
23 1 76
24 1 77
25 1 78
26 3 79 80 81
27 4 82 83 84 85
28 1 86
29 1 87
30 0
31 0
32 0
33 0
34 0
35 0
36 0
37 0
38 0
39 0
40 0
41 0
42 0
43 0
44 0
45 0
46 0
47 0
48 0
49 0
50 0
51 0
52 0
53 0
54 0
55 0
56 0
57 0
58 0
59 0
60 0
61 0
62 0
63 0
64 0
65 0
66 0
67 0
68 0
69 0
70 0
71 0
72 0
73 0
74 0
75 0
76 0
77 0
78 0
79 0
80 0
81 0
82 0
83 0
84 0
85 0
86 0
87 0
29
0 3 1 2 3
1 2 4 5
2 2 6 7
3 5 8 9 10 11 12
4 3 13 14 15
5 5 16 17 18 19 20
6 2 21 22
7 5 23 24 25 26 27
8 1 28
9 0
10 0
11 0
12 0
13 0
14 0
15 0
16 0
17 0
18 0
19 0
20 0
21 0
22 0
23 0
24 0
25 0
26 0
27 0
28 0
54
0 4 1 2 3 4
1 3 5 6 7
2 2 8 9
3 4 10 11 12 13
4 2 14 15
5 5 16 17 18 19 20
6 2 21 22
7 4 23 24 25 26
8 4 27 28 29 30
9 4 31 32 33 34
10 2 35 36
11 1 37
12 1 38
13 3 39 40 41
14 5 42 43 44 45 46
15 5 47 48 49 50 51
16 2 52 53
17 0
18 0
19 0
20 0
21 0
22 0
23 0
24 0
25 0
26 0
27 0
28 0
29 0
30 0
31 0
32 0
33 0
34 0
35 0
36 0
37 0
38 0
39 0
40 0
41 0
42 0
43 0
44 0
45 0
46 0
47 0
48 0
49 0
50 0
51 0
52 0
53 0
66
0 5 1 2 3 4 5
1 4 6 7 8 9
2 4 10 11 12 13
3 1 14
4 3 15 16 17
5 5 18 19 20 21 22
6 3 23 24 25
7 5 26 27 28 29 30
8 1 31
9 4 32 33 34 35
10 2 36 37
11 1 38
12 1 39
13 2 40 41
14 4 42 43 44 45
15 5 46 47 48 49 50
16 3 51 52 53
17 3 54 55 56
18 5 57 58 59 60 61
19 4 62 63 64 65
20 0
21 0
22 0
23 0
24 0
25 0
26 0
27 0
28 0
29 0
30 0
31 0
32 0
33 0
34 0
35 0
36 0
37 0
38 0
39 0
40 0
41 0
42 0
43 0
44 0
45 0
46 0
47 0
48 0
49 0
50 0
51 0
52 0
53 0
54 0
55 0
56 0
57 0
58 0
59 0
60 0
61 0
62 0
63 0
64 0
65 0
76
0 1 1
1 5 2 3 4 5 6
2 2 7 8
3 1 9
4 5 10 11 12 13 14
5 2 15 16
6 2 17 18
7 2 19 20
8 2 21 22
9 4 23 24 25 26
10 2 27 28
11 3 29 30 31
12 1 32
13 3 33 34 35
14 2 36 37
15 2 38 39
16 4 40 41 42 43
17 2 44 45
18 5 46 47 48 49 50
19 1 51
20 4 52 53 54 55
21 1 56
22 2 57 58
23 3 59 60 61
24 2 62 63
25 3 64 65 66
26 5 67 68 69 70 71
27 2 72 73
28 2 74 75
29 0
30 0
31 0
32 0
33 0
34 0
35 0
36 0
37 0
38 0
39 0
40 0
41 0
42 0
43 0
44 0
45 0
46 0
47 0
48 0
49 0
50 0
51 0
52 0
53 0
54 0
55 0
56 0
57 0
58 0
59 0
60 0
61 0
62 0
63 0
64 0
65 0
66 0
67 0
68 0
69 0
70 0
71 0
72 0
73 0
74 0
75 0
64
0 4 1 2 3 4
1 1 5
2 2 6 7
3 2 8 9
4 1 10
5 1 11
6 2 12 13
7 3 14 15 16
8 5 17 18 19 20 21
9 1 22
10 1 23
11 1 24
12 1 25
13 4 26 27 28 29
14 5 30 31 32 33 34
15 3 35 36 37
16 1 38
17 1 39
18 3 40 41 42
19 1 43
20 2 44 45
21 2 46 47
22 3 48 49 50
23 2 51 52
24 3 53 54 55
25 1 56
26 1 57
27 4 58 59 60 61
28 2 62 63
29 0
30 0
31 0
32 0
33 0
34 0
35 0
36 0
37 0
38 0
39 0
40 0
41 0
42 0
43 0
44 0
45 0
46 0
47 0
48 0
49 0
50 0
51 0
52 0
53 0
54 0
55 0
56 0
57 0
58 0
59 0
60 0
61 0
62 0
63 0
56
0 2 1 2
1 2 3 4
2 2 5 6
3 4 7 8 9 10
4 1 11
5 5 12 13 14 15 16
6 1 17
7 5 18 19 20 21 22
8 2 23 24
9 4 25 26 27 28
10 5 29 30 31 32 33
11 1 34
12 1 35
13 4 36 37 38 39
14 5 40 41 42 43 44
15 5 45 46 47 48 49
16 4 50 51 52 53
17 2 54 55
18 0
19 0
20 0
21 0
22 0
23 0
24 0
25 0
26 0
27 0
28 0
29 0
30 0
31 0
32 0
33 0
34 0
35 0
36 0
37 0
38 0
39 0
40 0
41 0
42 0
43 0
44 0
45 0
46 0
47 0
48 0
49 0
50 0
51 0
52 0
53 0
54 0
55 0
45
0 2 1 2
1 1 3
2 1 4
3 4 5 6 7 8
4 5 9 10 11 12 13
5 2 14 15
6 5 16 17 18 19 20
7 1 21
8 1 22
9 2 23 24
10 3 25 26 27
11 1 28
12 3 29 30 31
13 2 32 33
14 3 34 35 36
15 3 37 38 39
16 1 40
17 4 41 42 43 44
18 0
19 0
20 0
21 0
22 0
23 0
24 0
25 0
26 0
27 0
28 0
29 0
30 0
31 0
32 0
33 0
34 0
35 0
36 0
37 0
38 0
39 0
40 0
41 0
42 0
43 0
44 0
94
0 5 1 2 3 4 5
1 3 6 7 8
2 1 9
3 4 10 11 12 13
4 1 14
5 1 15
6 1 16
7 5 17 18 19 20 21
8 2 22 23
9 4 24 25 26 27
10 1 28
11 3 29 30 31
12 3 32 33 34
13 5 35 36 37 38 39
14 3 40 41 42
15 4 43 44 45 46
16 2 47 48
17 1 49
18 4 50 51 52 53
19 1 54
20 2 55 56
21 4 57 58 59 60
22 5 61 62 63 64 65
23 3 66 67 68
24 3 69 70 71
25 2 72 73
26 5 74 75 76 77 78
27 4 79 80 81 82
28 5 83 84 85 86 87
29 5 88 89 90 91 92
30 1 93
31 0
32 0
33 0
34 0
35 0
36 0
37 0
38 0
39 0
40 0
41 0
42 0
43 0
44 0
45 0
46 0
47 0
48 0
49 0
50 0
51 0
52 0
53 0
54 0
55 0
56 0
57 0
58 0
59 0
60 0
61 0
62 0
63 0
64 0
65 0
66 0
67 0
68 0
69 0
70 0
71 0
72 0
73 0
74 0
75 0
76 0
77 0
78 0
79 0
80 0
81 0
82 0
83 0
84 0
85 0
86 0
87 0
88 0
89 0
90 0
91 0
92 0
93 0
97
0 4 1 2 3 4
1 2 5 6
2 5 7 8 9 10 11
3 5 12 13 14 15 16
4 4 17 18 19 20
5 4 21 22 23 24
6 2 25 26
7 4 27 28 29 30
8 1 31
9 5 32 33 34 35 36
10 1 37
11 1 38
12 2 39 40
13 3 41 42 43
14 3 44 45 46
15 3 47 48 49
16 1 50
17 4 51 52 53 54
18 2 55 56
19 4 57 58 59 60
20 4 61 62 63 64
21 2 65 66
22 3 67 68 69
23 5 70 71 72 73 74
24 4 75 76 77 78
25 2 79 80
26 5 81 82 83 84 85
27 2 86 87
28 3 88 89 90
29 3 91 92 93
30 3 94 95 96
31 0
32 0
33 0
34 0
35 0
36 0
37 0
38 0
39 0
40 0
41 0
42 0
43 0
44 0
45 0
46 0
47 0
48 0
49 0
50 0
51 0
52 0
53 0
54 0
55 0
56 0
57 0
58 0
59 0
60 0
61 0
62 0
63 0
64 0
65 0
66 0
67 0
68 0
69 0
70 0
71 0
72 0
73 0
74 0
75 0
76 0
77 0
78 0
79 0
80 0
81 0
82 0
83 0
84 0
85 0
86 0
87 0
88 0
89 0
90 0
91 0
92 0
93 0
94 0
95 0
96 0
84
0 4 1 2 3 4
1 2 5 6
2 4 7 8 9 10
3 3 11 12 13
4 3 14 15 16
5 3 17 18 19
6 4 20 21 22 23
7 5 24 25 26 27 28
8 2 29 30
9 3 31 32 33
10 3 34 35 36
11 1 37
12 3 38 39 40
13 1 41
14 1 42
15 1 43
16 1 44
17 3 45 46 47
18 1 48
19 1 49
20 4 50 51 52 53
21 2 54 55
22 1 56
23 4 57 58 59 60
24 4 61 62 63 64
25 5 65 66 67 68 69
26 5 70 71 72 73 74
27 2 75 76
28 5 77 78 79 80 81
29 2 82 83
30 0
31 0
32 0
33 0
34 0
35 0
36 0
37 0
38 0
39 0
40 0
41 0
42 0
43 0
44 0
45 0
46 0
47 0
48 0
49 0
50 0
51 0
52 0
53 0
54 0
55 0
56 0
57 0
58 0
59 0
60 0
61 0
62 0
63 0
64 0
65 0
66 0
67 0
68 0
69 0
70 0
71 0
72 0
73 0
74 0
75 0
76 0
77 0
78 0
79 0
80 0
81 0
82 0
83 0
31
0 1 1
1 5 2 3 4 5 6
2 4 7 8 9 10
3 5 11 12 13 14 15
4 5 16 17 18 19 20
5 4 21 22 23 24
6 5 25 26 27 28 29
7 1 30
8 0
9 0
10 0
11 0
12 0
13 0
14 0
15 0
16 0
17 0
18 0
19 0
20 0
21 0
22 0
23 0
24 0
25 0
26 0
27 0
28 0
29 0
30 0
65
0 3 1 2 3
1 4 4 5 6 7
2 2 8 9
3 4 10 11 12 13
4 3 14 15 16
5 5 17 18 19 20 21
6 2 22 23
7 5 24 25 26 27 28
8 3 29 30 31
9 2 32 33
10 3 34 35 36
11 5 37 38 39 40 41
12 2 42 43
13 1 44
14 4 45 46 47 48
15 4 49 50 51 52
16 2 53 54
17 5 55 56 57 58 59
18 4 60 61 62 63
19 1 64
20 0
21 0
22 0
23 0
24 0
25 0
26 0
27 0
28 0
29 0
30 0
31 0
32 0
33 0
34 0
35 0
36 0
37 0
38 0
39 0
40 0
41 0
42 0
43 0
44 0
45 0
46 0
47 0
48 0
49 0
50 0
51 0
52 0
53 0
54 0
55 0
56 0
57 0
58 0
59 0
60 0
61 0
62 0
63 0
64 0
45
0 3 1 2 3
1 2 4 5
2 2 6 7
3 2 8 9
4 3 10 11 12
5 2 13 14
6 5 15 16 17 18 19
7 4 20 21 22 23
8 4 24 25 26 27
9 3 28 29 30
10 5 31 32 33 34 35
11 2 36 37
12 5 38 39 40 41 42
13 2 43 44
14 0
15 0
16 0
17 0
18 0
19 0
20 0
21 0
22 0
23 0
24 0
25 0
26 0
27 0
28 0
29 0
30 0
31 0
32 0
33 0
34 0
35 0
36 0
37 0
38 0
39 0
40 0
41 0
42 0
43 0
44 0
77
0 4 1 2 3 4
1 4 5 6 7 8
2 4 9 10 11 12
3 1 13
4 5 14 15 16 17 18
5 2 19 20
6 2 21 22
7 3 23 24 25
8 1 26
9 5 27 28 29 30 31
10 2 32 33
11 5 34 35 36 37 38
12 2 39 40
13 5 41 42 43 44 45
14 5 46 47 48 49 50
15 4 51 52 53 54
16 4 55 56 57 58
17 1 59
18 3 60 61 62
19 4 63 64 65 66
20 5 67 68 69 70 71
21 5 72 73 74 75 76
22 0
23 0
24 0
25 0
26 0
27 0
28 0
29 0
30 0
31 0
32 0
33 0
34 0
35 0
36 0
37 0
38 0
39 0
40 0
41 0
42 0
43 0
44 0
45 0
46 0
47 0
48 0
49 0
50 0
51 0
52 0
53 0
54 0
55 0
56 0
57 0
58 0
59 0
60 0
61 0
62 0
63 0
64 0
65 0
66 0
67 0
68 0
69 0
70 0
71 0
72 0
73 0
74 0
75 0
76 0
77
0 1 1
1 2 2 3
2 2 4 5
3 3 6 7 8
4 2 9 10
5 5 11 12 13 14 15
6 2 16 17
7 3 18 19 20
8 5 21 22 23 24 25
9 3 26 27 28
10 2 29 30
11 4 31 32 33 34
12 4 35 36 37 38
13 4 39 40 41 42
14 5 43 44 45 46 47
15 2 48 49
16 5 50 51 52 53 54
17 2 55 56
18 4 57 58 59 60
19 1 61
20 1 62
21 4 63 64 65 66
22 1 67
23 4 68 69 70 71
24 4 72 73 74 75
25 1 76
26 0
27 0
28 0
29 0
30 0
31 0
32 0
33 0
34 0
35 0
36 0
37 0
38 0
39 0
40 0
41 0
42 0
43 0
44 0
45 0
46 0
47 0
48 0
49 0
50 0
51 0
52 0
53 0
54 0
55 0
56 0
57 0
58 0
59 0
60 0
61 0
62 0
63 0
64 0
65 0
66 0
67 0
68 0
69 0
70 0
71 0
72 0
73 0
74 0
75 0
76 0
60
0 2 1 2
1 5 3 4 5 6 7
2 5 8 9 10 11 12
3 5 13 14 15 16 17
4 5 18 19 20 21 22
5 5 23 24 25 26 27
6 1 28
7 3 29 30 31
8 4 32 33 34 35
9 2 36 37
10 4 38 39 40 41
11 5 42 43 44 45 46
12 4 47 48 49 50
13 4 51 52 53 54
14 5 55 56 57 58 59
15 0
16 0
17 0
18 0
19 0
20 0
21 0
22 0
23 0
24 0
25 0
26 0
27 0
28 0
29 0
30 0
31 0
32 0
33 0
34 0
35 0
36 0
37 0
38 0
39 0
40 0
41 0
42 0
43 0
44 0
45 0
46 0
47 0
48 0
49 0
50 0
51 0
52 0
53 0
54 0
55 0
56 0
57 0
58 0
59 0
99
0 2 1 2
1 2 3 4
2 1 5
3 5 6 7 8 9 10
4 2 11 12
5 3 13 14 15
6 3 16 17 18
7 5 19 20 21 22 23
8 1 24
9 2 25 26
10 5 27 28 29 30 31
11 5 32 33 34 35 36
12 1 37
13 5 38 39 40 41 42
14 2 43 44
15 5 45 46 47 48 49
16 4 50 51 52 53
17 4 54 55 56 57
18 1 58
19 5 59 60 61 62 63
20 1 64
21 2 65 66
22 1 67
23 2 68 69
24 2 70 71
25 5 72 73 74 75 76
26 5 77 78 79 80 81
27 3 82 83 84
28 4 85 86 87 88
29 3 89 90 91
30 5 92 93 94 95 96
31 1 97
32 1 98
33 0
34 0
35 0
36 0
37 0
38 0
39 0
40 0
41 0
42 0
43 0
44 0
45 0
46 0
47 0
48 0
49 0
50 0
51 0
52 0
53 0
54 0
55 0
56 0
57 0
58 0
59 0
60 0
61 0
62 0
63 0
64 0
65 0
66 0
67 0
68 0
69 0
70 0
71 0
72 0
73 0
74 0
75 0
76 0
77 0
78 0
79 0
80 0
81 0
82 0
83 0
84 0
85 0
86 0
87 0
88 0
89 0
90 0
91 0
92 0
93 0
94 0
95 0
96 0
97 0
98 0
25
0 3 1 2 3
1 5 4 5 6 7 8
2 4 9 10 11 12
3 1 13
4 1 14
5 1 15
6 2 16 17
7 1 18
8 2 19 20
9 3 21 22 23
10 1 24
11 0
12 0
13 0
14 0
15 0
16 0
17 0
18 0
19 0
20 0
21 0
22 0
23 0
24 0
76
0 4 1 2 3 4
1 4 5 6 7 8
2 3 9 10 11
3 4 12 13 14 15
4 3 16 17 18
5 1 19
6 3 20 21 22
7 2 23 24
8 5 25 26 27 28 29
9 3 30 31 32
10 2 33 34
11 1 35
12 2 36 37
13 3 38 39 40
14 2 41 42
15 1 43
16 2 44 45
17 4 46 47 48 49
18 3 50 51 52
19 5 53 54 55 56 57
20 3 58 59 60
21 5 61 62 63 64 65
22 2 66 67
23 4 68 69 70 71
24 2 72 73
25 2 74 75
26 0
27 0
28 0
29 0
30 0
31 0
32 0
33 0
34 0
35 0
36 0
37 0
38 0
39 0
40 0
41 0
42 0
43 0
44 0
45 0
46 0
47 0
48 0
49 0
50 0
51 0
52 0
53 0
54 0
55 0
56 0
57 0
58 0
59 0
60 0
61 0
62 0
63 0
64 0
65 0
66 0
67 0
68 0
69 0
70 0
71 0
72 0
73 0
74 0
75 0
23
0 3 1 2 3
1 1 4
2 2 5 6
3 5 7 8 9 10 11
4 2 12 13
5 2 14 15
6 2 16 17
7 3 18 19 20
8 1 21
9 1 22
10 0
11 0
12 0
13 0
14 0
15 0
16 0
17 0
18 0
19 0
20 0
21 0
22 0
80
0 4 1 2 3 4
1 2 5 6
2 5 7 8 9 10 11
3 2 12 13
4 2 14 15
5 3 16 17 18
6 2 19 20
7 5 21 22 23 24 25
8 1 26
9 1 27
10 2 28 29
11 1 30
12 1 31
13 1 32
14 4 33 34 35 36
15 5 37 38 39 40 41
16 3 42 43 44
17 3 45 46 47
18 3 48 49 50
19 2 51 52
20 5 53 54 55 56 57
21 5 58 59 60 61 62
22 5 63 64 65 66 67
23 1 68
24 2 69 70
25 4 71 72 73 74
26 3 75 76 77
27 2 78 79
28 0
29 0
30 0
31 0
32 0
33 0
34 0
35 0
36 0
37 0
38 0
39 0
40 0
41 0
42 0
43 0
44 0
45 0
46 0
47 0
48 0
49 0
50 0
51 0
52 0
53 0
54 0
55 0
56 0
57 0
58 0
59 0
60 0
61 0
62 0
63 0
64 0
65 0
66 0
67 0
68 0
69 0
70 0
71 0
72 0
73 0
74 0
75 0
76 0
77 0
78 0
79 0
27
0 1 1
1 2 2 3
2 3 4 5 6
3 4 7 8 9 10
4 4 11 12 13 14
5 2 15 16
6 5 17 18 19 20 21
7 5 22 23 24 25 26
8 0
9 0
10 0
11 0
12 0
13 0
14 0
15 0
16 0
17 0
18 0
19 0
20 0
21 0
22 0
23 0
24 0
25 0
26 0
69
0 4 1 2 3 4
1 4 5 6 7 8
2 1 9
3 5 10 11 12 13 14
4 4 15 16 17 18
5 3 19 20 21
6 1 22
7 5 23 24 25 26 27
8 3 28 29 30
9 5 31 32 33 34 35
10 3 36 37 38
11 3 39 40 41
12 3 42 43 44
13 2 45 46
14 4 47 48 49 50
15 5 51 52 53 54 55
16 1 56
17 3 57 58 59
18 1 60
19 3 61 62 63
20 3 64 65 66
21 2 67 68
22 0
23 0
24 0
25 0
26 0
27 0
28 0
29 0
30 0
31 0
32 0
33 0
34 0
35 0
36 0
37 0
38 0
39 0
40 0
41 0
42 0
43 0
44 0
45 0
46 0
47 0
48 0
49 0
50 0
51 0
52 0
53 0
54 0
55 0
56 0
57 0
58 0
59 0
60 0
61 0
62 0
63 0
64 0
65 0
66 0
67 0
68 0
75
0 4 1 2 3 4
1 5 5 6 7 8 9
2 5 10 11 12 13 14
3 2 15 16
4 5 17 18 19 20 21
5 2 22 23
6 5 24 25 26 27 28
7 2 29 30
8 1 31
9 3 32 33 34
10 4 35 36 37 38
11 2 39 40
12 1 41
13 5 42 43 44 45 46
14 5 47 48 49 50 51
15 1 52
16 2 53 54
17 1 55
18 3 56 57 58
19 3 59 60 61
20 3 62 63 64
21 2 65 66
22 2 67 68
23 5 69 70 71 72 73
24 1 74
25 0
26 0
27 0
28 0
29 0
30 0
31 0
32 0
33 0
34 0
35 0
36 0
37 0
38 0
39 0
40 0
41 0
42 0
43 0
44 0
45 0
46 0
47 0
48 0
49 0
50 0
51 0
52 0
53 0
54 0
55 0
56 0
57 0
58 0
59 0
60 0
61 0
62 0
63 0
64 0
65 0
66 0
67 0
68 0
69 0
70 0
71 0
72 0
73 0
74 0
26
0 3 1 2 3
1 1 4
2 2 5 6
3 1 7
4 1 8
5 3 9 10 11
6 4 12 13 14 15
7 3 16 17 18
8 3 19 20 21
9 3 22 23 24
10 1 25
11 0
12 0
13 0
14 0
15 0
16 0
17 0
18 0
19 0
20 0
21 0
22 0
23 0
24 0
25 0
38
0 1 1
1 1 2
2 4 3 4 5 6
3 5 7 8 9 10 11
4 5 12 13 14 15 16
5 2 17 18
6 5 19 20 21 22 23
7 2 24 25
8 5 26 27 28 29 30
9 1 31
10 4 32 33 34 35
11 2 36 37
12 0
13 0
14 0
15 0
16 0
17 0
18 0
19 0
20 0
21 0
22 0
23 0
24 0
25 0
26 0
27 0
28 0
29 0
30 0
31 0
32 0
33 0
34 0
35 0
36 0
37 0
68
0 4 1 2 3 4
1 4 5 6 7 8
2 1 9
3 4 10 11 12 13
4 4 14 15 16 17
5 3 18 19 20
6 5 21 22 23 24 25
7 1 26
8 4 27 28 29 30
9 1 31
10 3 32 33 34
11 2 35 36
12 4 37 38 39 40
13 5 41 42 43 44 45
14 3 46 47 48
15 2 49 50
16 2 51 52
17 4 53 54 55 56
18 3 57 58 59
19 2 60 61
20 4 62 63 64 65
21 1 66
22 1 67
23 0
24 0
25 0
26 0
27 0
28 0
29 0
30 0
31 0
32 0
33 0
34 0
35 0
36 0
37 0
38 0
39 0
40 0
41 0
42 0
43 0
44 0
45 0
46 0
47 0
48 0
49 0
50 0
51 0
52 0
53 0
54 0
55 0
56 0
57 0
58 0
59 0
60 0
61 0
62 0
63 0
64 0
65 0
66 0
67 0
85
0 3 1 2 3
1 2 4 5
2 1 6
3 4 7 8 9 10
4 1 11
5 4 12 13 14 15
6 1 16
7 4 17 18 19 20
8 3 21 22 23
9 2 24 25
10 4 26 27 28 29
11 5 30 31 32 33 34
12 3 35 36 37
13 1 38
14 3 39 40 41
15 5 42 43 44 45 46
16 4 47 48 49 50
17 4 51 52 53 54
18 2 55 56
19 5 57 58 59 60 61
20 2 62 63
21 3 64 65 66
22 5 67 68 69 70 71
23 4 72 73 74 75
24 2 76 77
25 1 78
26 1 79
27 5 80 81 82 83 84
28 0
29 0
30 0
31 0
32 0
33 0
34 0
35 0
36 0
37 0
38 0
39 0
40 0
41 0
42 0
43 0
44 0
45 0
46 0
47 0
48 0
49 0
50 0
51 0
52 0
53 0
54 0
55 0
56 0
57 0
58 0
59 0
60 0
61 0
62 0
63 0
64 0
65 0
66 0
67 0
68 0
69 0
70 0
71 0
72 0
73 0
74 0
75 0
76 0
77 0
78 0
79 0
80 0
81 0
82 0
83 0
84 0
43
0 1 1
1 5 2 3 4 5 6
2 1 7
3 5 8 9 10 11 12
4 4 13 14 15 16
5 1 17
6 3 18 19 20
7 4 21 22 23 24
8 1 25
9 1 26
10 3 27 28 29
11 1 30
12 4 31 32 33 34
13 1 35
14 4 36 37 38 39
15 3 40 41 42
16 0
17 0
18 0
19 0
20 0
21 0
22 0
23 0
24 0
25 0
26 0
27 0
28 0
29 0
30 0
31 0
32 0
33 0
34 0
35 0
36 0
37 0
38 0
39 0
40 0
41 0
42 0
23
0 1 1
1 3 2 3 4
2 5 5 6 7 8 9
3 1 10
4 1 11
5 2 12 13
6 1 14
7 3 15 16 17
8 5 18 19 20 21 22
9 0
10 0
11 0
12 0
13 0
14 0
15 0
16 0
17 0
18 0
19 0
20 0
21 0
22 0
56
0 1 1
1 1 2
2 4 3 4 5 6
3 5 7 8 9 10 11
4 2 12 13
5 4 14 15 16 17
6 2 18 19
7 2 20 21
8 3 22 23 24
9 3 25 26 27
10 1 28
11 3 29 30 31
12 5 32 33 34 35 36
13 5 37 38 39 40 41
14 1 42
15 5 43 44 45 46 47
16 4 48 49 50 51
17 4 52 53 54 55
18 0
19 0
20 0
21 0
22 0
23 0
24 0
25 0
26 0
27 0
28 0
29 0
30 0
31 0
32 0
33 0
34 0
35 0
36 0
37 0
38 0
39 0
40 0
41 0
42 0
43 0
44 0
45 0
46 0
47 0
48 0
49 0
50 0
51 0
52 0
53 0
54 0
55 0
61
0 4 1 2 3 4
1 4 5 6 7 8
2 5 9 10 11 12 13
3 3 14 15 16
4 2 17 18
5 5 19 20 21 22 23
6 5 24 25 26 27 28
7 2 29 30
8 2 31 32
9 2 33 34
10 4 35 36 37 38
11 4 39 40 41 42
12 5 43 44 45 46 47
13 4 48 49 50 51
14 1 52
15 1 53
16 4 54 55 56 57
17 3 58 59 60
18 0
19 0
20 0
21 0
22 0
23 0
24 0
25 0
26 0
27 0
28 0
29 0
30 0
31 0
32 0
33 0
34 0
35 0
36 0
37 0
38 0
39 0
40 0
41 0
42 0
43 0
44 0
45 0
46 0
47 0
48 0
49 0
50 0
51 0
52 0
53 0
54 0
55 0
56 0
57 0
58 0
59 0
60 0
71
0 1 1
1 2 2 3
2 1 4
3 3 5 6 7
4 4 8 9 10 11
5 5 12 13 14 15 16
6 5 17 18 19 20 21
7 3 22 23 24
8 5 25 26 27 28 29
9 4 30 31 32 33
10 5 34 35 36 37 38
11 2 39 40
12 3 41 42 43
13 5 44 45 46 47 48
14 5 49 50 51 52 53
15 4 54 55 56 57
16 1 58
17 3 59 60 61
18 3 62 63 64
19 2 65 66
20 4 67 68 69 70
21 0
22 0
23 0
24 0
25 0
26 0
27 0
28 0
29 0
30 0
31 0
32 0
33 0
34 0
35 0
36 0
37 0
38 0
39 0
40 0
41 0
42 0
43 0
44 0
45 0
46 0
47 0
48 0
49 0
50 0
51 0
52 0
53 0
54 0
55 0
56 0
57 0
58 0
59 0
60 0
61 0
62 0
63 0
64 0
65 0
66 0
67 0
68 0
69 0
70 0
40
0 5 1 2 3 4 5
1 5 6 7 8 9 10
2 4 11 12 13 14
3 3 15 16 17
4 1 18
5 1 19
6 2 20 21
7 2 22 23
8 2 24 25
9 3 26 27 28
10 2 29 30
11 4 31 32 33 34
12 3 35 36 37
13 2 38 39
14 0
15 0
16 0
17 0
18 0
19 0
20 0
21 0
22 0
23 0
24 0
25 0
26 0
27 0
28 0
29 0
30 0
31 0
32 0
33 0
34 0
35 0
36 0
37 0
38 0
39 0
59
0 1 1
1 5 2 3 4 5 6
2 4 7 8 9 10
3 2 11 12
4 5 13 14 15 16 17
5 4 18 19 20 21
6 3 22 23 24
7 5 25 26 27 28 29
8 1 30
9 3 31 32 33
10 1 34
11 1 35
12 1 36
13 2 37 38
14 4 39 40 41 42
15 5 43 44 45 46 47
16 5 48 49 50 51 52
17 5 53 54 55 56 57
18 1 58
19 0
20 0
21 0
22 0
23 0
24 0
25 0
26 0
27 0
28 0
29 0
30 0
31 0
32 0
33 0
34 0
35 0
36 0
37 0
38 0
39 0
40 0
41 0
42 0
43 0
44 0
45 0
46 0
47 0
48 0
49 0
50 0
51 0
52 0
53 0
54 0
55 0
56 0
57 0
58 0
64
0 2 1 2
1 1 3
2 5 4 5 6 7 8
3 5 9 10 11 12 13
4 3 14 15 16
5 4 17 18 19 20
6 1 21
7 2 22 23
8 5 24 25 26 27 28
9 1 29
10 5 30 31 32 33 34
11 4 35 36 37 38
12 5 39 40 41 42 43
13 5 44 45 46 47 48
14 4 49 50 51 52
15 4 53 54 55 56
16 3 57 58 59
17 4 60 61 62 63
18 0
19 0
20 0
21 0
22 0
23 0
24 0
25 0
26 0
27 0
28 0
29 0
30 0
31 0
32 0
33 0
34 0
35 0
36 0
37 0
38 0
39 0
40 0
41 0
42 0
43 0
44 0
45 0
46 0
47 0
48 0
49 0
50 0
51 0
52 0
53 0
54 0
55 0
56 0
57 0
58 0
59 0
60 0
61 0
62 0
63 0
34
0 4 1 2 3 4
1 2 5 6
2 3 7 8 9
3 5 10 11 12 13 14
4 3 15 16 17
5 3 18 19 20
6 2 21 22
7 4 23 24 25 26
8 4 27 28 29 30
9 3 31 32 33
10 0
11 0
12 0
13 0
14 0
15 0
16 0
17 0
18 0
19 0
20 0
21 0
22 0
23 0
24 0
25 0
26 0
27 0
28 0
29 0
30 0
31 0
32 0
33 0
34
0 5 1 2 3 4 5
1 4 6 7 8 9
2 2 10 11
3 4 12 13 14 15
4 5 16 17 18 19 20
5 1 21
6 5 22 23 24 25 26
7 5 27 28 29 30 31
8 2 32 33
9 0
10 0
11 0
12 0
13 0
14 0
15 0
16 0
17 0
18 0
19 0
20 0
21 0
22 0
23 0
24 0
25 0
26 0
27 0
28 0
29 0
30 0
31 0
32 0
33 0
92
0 5 1 2 3 4 5
1 1 6
2 4 7 8 9 10
3 3 11 12 13
4 3 14 15 16
5 3 17 18 19
6 5 20 21 22 23 24
7 4 25 26 27 28
8 3 29 30 31
9 3 32 33 34
10 2 35 36
11 4 37 38 39 40
12 2 41 42
13 2 43 44
14 4 45 46 47 48
15 3 49 50 51
16 2 52 53
17 3 54 55 56
18 5 57 58 59 60 61
19 4 62 63 64 65
20 2 66 67
21 1 68
22 3 69 70 71
23 3 72 73 74
24 1 75
25 1 76
26 2 77 78
27 1 79
28 4 80 81 82 83
29 5 84 85 86 87 88
30 2 89 90
31 1 91
32 0
33 0
34 0
35 0
36 0
37 0
38 0
39 0
40 0
41 0
42 0
43 0
44 0
45 0
46 0
47 0
48 0
49 0
50 0
51 0
52 0
53 0
54 0
55 0
56 0
57 0
58 0
59 0
60 0
61 0
62 0
63 0
64 0
65 0
66 0
67 0
68 0
69 0
70 0
71 0
72 0
73 0
74 0
75 0
76 0
77 0
78 0
79 0
80 0
81 0
82 0
83 0
84 0
85 0
86 0
87 0
88 0
89 0
90 0
91 0
69
0 5 1 2 3 4 5
1 1 6
2 4 7 8 9 10
3 5 11 12 13 14 15
4 2 16 17
5 4 18 19 20 21
6 5 22 23 24 25 26
7 3 27 28 29
8 5 30 31 32 33 34
9 3 35 36 37
10 3 38 39 40
11 2 41 42
12 3 43 44 45
13 2 46 47
14 3 48 49 50
15 5 51 52 53 54 55
16 3 56 57 58
17 3 59 60 61
18 3 62 63 64
19 4 65 66 67 68
20 0
21 0
22 0
23 0
24 0
25 0
26 0
27 0
28 0
29 0
30 0
31 0
32 0
33 0
34 0
35 0
36 0
37 0
38 0
39 0
40 0
41 0
42 0
43 0
44 0
45 0
46 0
47 0
48 0
49 0
50 0
51 0
52 0
53 0
54 0
55 0
56 0
57 0
58 0
59 0
60 0
61 0
62 0
63 0
64 0
65 0
66 0
67 0
68 0
36
0 2 1 2
1 5 3 4 5 6 7
2 2 8 9
3 1 10
4 4 11 12 13 14
5 2 15 16
6 5 17 18 19 20 21
7 1 22
8 1 23
9 2 24 25
10 2 26 27
11 3 28 29 30
12 5 31 32 33 34 35
13 0
14 0
15 0
16 0
17 0
18 0
19 0
20 0
21 0
22 0
23 0
24 0
25 0
26 0
27 0
28 0
29 0
30 0
31 0
32 0
33 0
34 0
35 0
66
0 1 1
1 1 2
2 3 3 4 5
3 3 6 7 8
4 3 9 10 11
5 3 12 13 14
6 5 15 16 17 18 19
7 3 20 21 22
8 2 23 24
9 3 25 26 27
10 1 28
11 3 29 30 31
12 2 32 33
13 5 34 35 36 37 38
14 3 39 40 41
15 1 42
16 4 43 44 45 46
17 1 47
18 3 48 49 50
19 1 51
20 2 52 53
21 1 54
22 1 55
23 5 56 57 58 59 60
24 2 61 62
25 2 63 64
26 1 65
27 0
28 0
29 0
30 0
31 0
32 0
33 0
34 0
35 0
36 0
37 0
38 0
39 0
40 0
41 0
42 0
43 0
44 0
45 0
46 0
47 0
48 0
49 0
50 0
51 0
52 0
53 0
54 0
55 0
56 0
57 0
58 0
59 0
60 0
61 0
62 0
63 0
64 0
65 0
29
0 4 1 2 3 4
1 3 5 6 7
2 2 8 9
3 4 10 11 12 13
4 4 14 15 16 17
5 1 18
6 1 19
7 1 20
8 3 21 22 23
9 4 24 25 26 27
10 1 28
11 0
12 0
13 0
14 0
15 0
16 0
17 0
18 0
19 0
20 0
21 0
22 0
23 0
24 0
25 0
26 0
27 0
28 0
56
0 1 1
1 2 2 3
2 5 4 5 6 7 8
3 2 9 10
4 3 11 12 13
5 2 14 15
6 3 16 17 18
7 2 19 20
8 2 21 22
9 2 23 24
10 4 25 26 27 28
11 2 29 30
12 3 31 32 33
13 3 34 35 36
14 1 37
15 5 38 39 40 41 42
16 3 43 44 45
17 2 46 47
18 2 48 49
19 2 50 51
20 3 52 53 54
21 1 55
22 0
23 0
24 0
25 0
26 0
27 0
28 0
29 0
30 0
31 0
32 0
33 0
34 0
35 0
36 0
37 0
38 0
39 0
40 0
41 0
42 0
43 0
44 0
45 0
46 0
47 0
48 0
49 0
50 0
51 0
52 0
53 0
54 0
55 0
38
0 4 1 2 3 4
1 5 5 6 7 8 9
2 5 10 11 12 13 14
3 5 15 16 17 18 19
4 1 20
5 3 21 22 23
6 1 24
7 1 25
8 5 26 27 28 29 30
9 3 31 32 33
10 4 34 35 36 37
11 0
12 0
13 0
14 0
15 0
16 0
17 0
18 0
19 0
20 0
21 0
22 0
23 0
24 0
25 0
26 0
27 0
28 0
29 0
30 0
31 0
32 0
33 0
34 0
35 0
36 0
37 0
37
0 5 1 2 3 4 5
1 3 6 7 8
2 2 9 10
3 5 11 12 13 14 15
4 4 16 17 18 19
5 5 20 21 22 23 24
6 3 25 26 27
7 4 28 29 30 31
8 2 32 33
9 3 34 35 36
10 0
11 0
12 0
13 0
14 0
15 0
16 0
17 0
18 0
19 0
20 0
21 0
22 0
23 0
24 0
25 0
26 0
27 0
28 0
29 0
30 0
31 0
32 0
33 0
34 0
35 0
36 0
33
0 3 1 2 3
1 2 4 5
2 4 6 7 8 9
3 2 10 11
4 5 12 13 14 15 16
5 1 17
6 5 18 19 20 21 22
7 5 23 24 25 26 27
8 2 28 29
9 3 30 31 32
10 0
11 0
12 0
13 0
14 0
15 0
16 0
17 0
18 0
19 0
20 0
21 0
22 0
23 0
24 0
25 0
26 0
27 0
28 0
29 0
30 0
31 0
32 0
28
0 3 1 2 3
1 5 4 5 6 7 8
2 1 9
3 5 10 11 12 13 14
4 2 15 16
5 5 17 18 19 20 21
6 3 22 23 24
7 3 25 26 27
8 0
9 0
10 0
11 0
12 0
13 0
14 0
15 0
16 0
17 0
18 0
19 0
20 0
21 0
22 0
23 0
24 0
25 0
26 0
27 0
61
0 2 1 2
1 1 3
2 4 4 5 6 7
3 2 8 9
4 3 10 11 12
5 2 13 14
6 1 15
7 1 16
8 4 17 18 19 20
9 3 21 22 23
10 5 24 25 26 27 28
11 5 29 30 31 32 33
12 4 34 35 36 37
13 1 38
14 5 39 40 41 42 43
15 3 44 45 46
16 4 47 48 49 50
17 3 51 52 53
18 2 54 55
19 1 56
20 3 57 58 59
21 1 60
22 0
23 0
24 0
25 0
26 0
27 0
28 0
29 0
30 0
31 0
32 0
33 0
34 0
35 0
36 0
37 0
38 0
39 0
40 0
41 0
42 0
43 0
44 0
45 0
46 0
47 0
48 0
49 0
50 0
51 0
52 0
53 0
54 0
55 0
56 0
57 0
58 0
59 0
60 0
84
0 2 1 2
1 1 3
2 1 4
3 2 5 6
4 4 7 8 9 10
5 4 11 12 13 14
6 2 15 16
7 4 17 18 19 20
8 2 21 22
9 4 23 24 25 26
10 2 27 28
11 4 29 30 31 32
12 1 33
13 4 34 35 36 37
14 5 38 39 40 41 42
15 4 43 44 45 46
16 3 47 48 49
17 2 50 51
18 2 52 53
19 5 54 55 56 57 58
20 2 59 60
21 1 61
22 1 62
23 2 63 64
24 5 65 66 67 68 69
25 4 70 71 72 73
26 1 74
27 2 75 76
28 5 77 78 79 80 81
29 2 82 83
30 0
31 0
32 0
33 0
34 0
35 0
36 0
37 0
38 0
39 0
40 0
41 0
42 0
43 0
44 0
45 0
46 0
47 0
48 0
49 0
50 0
51 0
52 0
53 0
54 0
55 0
56 0
57 0
58 0
59 0
60 0
61 0
62 0
63 0
64 0
65 0
66 0
67 0
68 0
69 0
70 0
71 0
72 0
73 0
74 0
75 0
76 0
77 0
78 0
79 0
80 0
81 0
82 0
83 0
72
0 1 1
1 1 2
2 5 3 4 5 6 7
3 1 8
4 3 9 10 11
5 4 12 13 14 15
6 5 16 17 18 19 20
7 3 21 22 23
8 3 24 25 26
9 2 27 28
10 3 29 30 31
11 2 32 33
12 3 34 35 36
13 4 37 38 39 40
14 1 41
15 2 42 43
16 2 44 45
17 2 46 47
18 1 48
19 2 49 50
20 1 51
21 2 52 53
22 3 54 55 56
23 3 57 58 59
24 1 60
25 2 61 62
26 5 63 64 65 66 67
27 3 68 69 70
28 1 71
29 0
30 0
31 0
32 0
33 0
34 0
35 0
36 0
37 0
38 0
39 0
40 0
41 0
42 0
43 0
44 0
45 0
46 0
47 0
48 0
49 0
50 0
51 0
52 0
53 0
54 0
55 0
56 0
57 0
58 0
59 0
60 0
61 0
62 0
63 0
64 0
65 0
66 0
67 0
68 0
69 0
70 0
71 0
99
0 2 1 2
1 4 3 4 5 6
2 5 7 8 9 10 11
3 3 12 13 14
4 5 15 16 17 18 19
5 4 20 21 22 23
6 3 24 25 26
7 2 27 28
8 4 29 30 31 32
9 4 33 34 35 36
10 1 37
11 2 38 39
12 1 40
13 5 41 42 43 44 45
14 2 46 47
15 2 48 49
16 2 50 51
17 3 52 53 54
18 2 55 56
19 1 57
20 4 58 59 60 61
21 5 62 63 64 65 66
22 5 67 68 69 70 71
23 2 72 73
24 1 74
25 1 75
26 1 76
27 1 77
28 5 78 79 80 81 82
29 3 83 84 85
30 2 86 87
31 2 88 89
32 5 90 91 92 93 94
33 2 95 96
34 2 97 98
35 0
36 0
37 0
38 0
39 0
40 0
41 0
42 0
43 0
44 0
45 0
46 0
47 0
48 0
49 0
50 0
51 0
52 0
53 0
54 0
55 0
56 0
57 0
58 0
59 0
60 0
61 0
62 0
63 0
64 0
65 0
66 0
67 0
68 0
69 0
70 0
71 0
72 0
73 0
74 0
75 0
76 0
77 0
78 0
79 0
80 0
81 0
82 0
83 0
84 0
85 0
86 0
87 0
88 0
89 0
90 0
91 0
92 0
93 0
94 0
95 0
96 0
97 0
98 0
45
0 1 1
1 3 2 3 4
2 2 5 6
3 4 7 8 9 10
4 1 11
5 4 12 13 14 15
6 1 16
7 1 17
8 5 18 19 20 21 22
9 3 23 24 25
10 2 26 27
11 4 28 29 30 31
12 3 32 33 34
13 1 35
14 4 36 37 38 39
15 3 40 41 42
16 2 43 44
17 0
18 0
19 0
20 0
21 0
22 0
23 0
24 0
25 0
26 0
27 0
28 0
29 0
30 0
31 0
32 0
33 0
34 0
35 0
36 0
37 0
38 0
39 0
40 0
41 0
42 0
43 0
44 0
37
0 5 1 2 3 4 5
1 2 6 7
2 3 8 9 10
3 5 11 12 13 14 15
4 5 16 17 18 19 20
5 2 21 22
6 4 23 24 25 26
7 2 27 28
8 5 29 30 31 32 33
9 3 34 35 36
10 0
11 0
12 0
13 0
14 0
15 0
16 0
17 0
18 0
19 0
20 0
21 0
22 0
23 0
24 0
25 0
26 0
27 0
28 0
29 0
30 0
31 0
32 0
33 0
34 0
35 0
36 0
33
0 5 1 2 3 4 5
1 5 6 7 8 9 10
2 5 11 12 13 14 15
3 5 16 17 18 19 20
4 1 21
5 1 22
6 5 23 24 25 26 27
7 3 28 29 30
8 2 31 32
9 0
10 0
11 0
12 0
13 0
14 0
15 0
16 0
17 0
18 0
19 0
20 0
21 0
22 0
23 0
24 0
25 0
26 0
27 0
28 0
29 0
30 0
31 0
32 0
80
0 3 1 2 3
1 3 4 5 6
2 3 7 8 9
3 1 10
4 1 11
5 4 12 13 14 15
6 4 16 17 18 19
7 4 20 21 22 23
8 3 24 25 26
9 2 27 28
10 4 29 30 31 32
11 4 33 34 35 36
12 5 37 38 39 40 41
13 5 42 43 44 45 46
14 1 47
15 3 48 49 50
16 4 51 52 53 54
17 5 55 56 57 58 59
18 1 60
19 3 61 62 63
20 3 64 65 66
21 2 67 68
22 1 69
23 3 70 71 72
24 1 73
25 5 74 75 76 77 78
26 1 79
27 0
28 0
29 0
30 0
31 0
32 0
33 0
34 0
35 0
36 0
37 0
38 0
39 0
40 0
41 0
42 0
43 0
44 0
45 0
46 0
47 0
48 0
49 0
50 0
51 0
52 0
53 0
54 0
55 0
56 0
57 0
58 0
59 0
60 0
61 0
62 0
63 0
64 0
65 0
66 0
67 0
68 0
69 0
70 0
71 0
72 0
73 0
74 0
75 0
76 0
77 0
78 0
79 0
61
0 1 1
1 1 2
2 4 3 4 5 6
3 2 7 8
4 5 9 10 11 12 13
5 2 14 15
6 5 16 17 18 19 20
7 1 21
8 3 22 23 24
9 5 25 26 27 28 29
10 2 30 31
11 1 32
12 5 33 34 35 36 37
13 4 38 39 40 41
14 1 42
15 4 43 44 45 46
16 4 47 48 49 50
17 2 51 52
18 3 53 54 55
19 3 56 57 58
20 2 59 60
21 0
22 0
23 0
24 0
25 0
26 0
27 0
28 0
29 0
30 0
31 0
32 0
33 0
34 0
35 0
36 0
37 0
38 0
39 0
40 0
41 0
42 0
43 0
44 0
45 0
46 0
47 0
48 0
49 0
50 0
51 0
52 0
53 0
54 0
55 0
56 0
57 0
58 0
59 0
60 0
30
0 2 1 2
1 3 3 4 5
2 5 6 7 8 9 10
3 5 11 12 13 14 15
4 1 16
5 4 17 18 19 20
6 2 21 22
7 4 23 24 25 26
8 1 27
9 2 28 29
10 0
11 0
12 0
13 0
14 0
15 0
16 0
17 0
18 0
19 0
20 0
21 0
22 0
23 0
24 0
25 0
26 0
27 0
28 0
29 0
87
0 2 1 2
1 4 3 4 5 6
2 3 7 8 9
3 5 10 11 12 13 14
4 2 15 16
5 2 17 18
6 4 19 20 21 22
7 2 23 24
8 4 25 26 27 28
9 5 29 30 31 32 33
10 5 34 35 36 37 38
11 4 39 40 41 42
12 1 43
13 2 44 45
14 5 46 47 48 49 50
15 1 51
16 4 52 53 54 55
17 1 56
18 5 57 58 59 60 61
19 3 62 63 64
20 2 65 66
21 1 67
22 1 68
23 5 69 70 71 72 73
24 3 74 75 76
25 1 77
26 1 78
27 5 79 80 81 82 83
28 2 84 85
29 1 86
30 0
31 0
32 0
33 0
34 0
35 0
36 0
37 0
38 0
39 0
40 0
41 0
42 0
43 0
44 0
45 0
46 0
47 0
48 0
49 0
50 0
51 0
52 0
53 0
54 0
55 0
56 0
57 0
58 0
59 0
60 0
61 0
62 0
63 0
64 0
65 0
66 0
67 0
68 0
69 0
70 0
71 0
72 0
73 0
74 0
75 0
76 0
77 0
78 0
79 0
80 0
81 0
82 0
83 0
84 0
85 0
86 0
91
0 3 1 2 3
1 2 4 5
2 5 6 7 8 9 10
3 4 11 12 13 14
4 1 15
5 5 16 17 18 19 20
6 1 21
7 1 22
8 3 23 24 25
9 3 26 27 28
10 3 29 30 31
11 5 32 33 34 35 36
12 5 37 38 39 40 41
13 5 42 43 44 45 46
14 1 47
15 3 48 49 50
16 4 51 52 53 54
17 4 55 56 57 58
18 2 59 60
19 4 61 62 63 64
20 4 65 66 67 68
21 5 69 70 71 72 73
22 1 74
23 5 75 76 77 78 79
24 3 80 81 82
25 2 83 84
26 1 85
27 2 86 87
28 3 88 89 90
29 0
30 0
31 0
32 0
33 0
34 0
35 0
36 0
37 0
38 0
39 0
40 0
41 0
42 0
43 0
44 0
45 0
46 0
47 0
48 0
49 0
50 0
51 0
52 0
53 0
54 0
55 0
56 0
57 0
58 0
59 0
60 0
61 0
62 0
63 0
64 0
65 0
66 0
67 0
68 0
69 0
70 0
71 0
72 0
73 0
74 0
75 0
76 0
77 0
78 0
79 0
80 0
81 0
82 0
83 0
84 0
85 0
86 0
87 0
88 0
89 0
90 0
83
0 2 1 2
1 1 3
2 3 4 5 6
3 4 7 8 9 10
4 3 11 12 13
5 2 14 15
6 3 16 17 18
7 3 19 20 21
8 2 22 23
9 2 24 25
10 3 26 27 28
11 4 29 30 31 32
12 4 33 34 35 36
13 4 37 38 39 40
14 2 41 42
15 4 43 44 45 46
16 1 47
17 5 48 49 50 51 52
18 5 53 54 55 56 57
19 2 58 59
20 2 60 61
21 3 62 63 64
22 1 65
23 5 66 67 68 69 70
24 3 71 72 73
25 5 74 75 76 77 78
26 4 79 80 81 82
27 0
28 0
29 0
30 0
31 0
32 0
33 0
34 0
35 0
36 0
37 0
38 0
39 0
40 0
41 0
42 0
43 0
44 0
45 0
46 0
47 0
48 0
49 0
50 0
51 0
52 0
53 0
54 0
55 0
56 0
57 0
58 0
59 0
60 0
61 0
62 0
63 0
64 0
65 0
66 0
67 0
68 0
69 0
70 0
71 0
72 0
73 0
74 0
75 0
76 0
77 0
78 0
79 0
80 0
81 0
82 0
86
0 2 1 2
1 2 3 4
2 2 5 6
3 2 7 8
4 4 9 10 11 12
5 3 13 14 15
6 1 16
7 1 17
8 1 18
9 3 19 20 21
10 4 22 23 24 25
11 5 26 27 28 29 30
12 4 31 32 33 34
13 5 35 36 37 38 39
14 5 40 41 42 43 44
15 4 45 46 47 48
16 4 49 50 51 52
17 2 53 54
18 3 55 56 57
19 3 58 59 60
20 4 61 62 63 64
21 1 65
22 5 66 67 68 69 70
23 3 71 72 73
24 1 74
25 1 75
26 5 76 77 78 79 80
27 3 81 82 83
28 2 84 85
29 0
30 0
31 0
32 0
33 0
34 0
35 0
36 0
37 0
38 0
39 0
40 0
41 0
42 0
43 0
44 0
45 0
46 0
47 0
48 0
49 0
50 0
51 0
52 0
53 0
54 0
55 0
56 0
57 0
58 0
59 0
60 0
61 0
62 0
63 0
64 0
65 0
66 0
67 0
68 0
69 0
70 0
71 0
72 0
73 0
74 0
75 0
76 0
77 0
78 0
79 0
80 0
81 0
82 0
83 0
84 0
85 0
32
0 3 1 2 3
1 1 4
2 2 5 6
3 4 7 8 9 10
4 4 11 12 13 14
5 5 15 16 17 18 19
6 5 20 21 22 23 24
7 5 25 26 27 28 29
8 2 30 31
9 0
10 0
11 0
12 0
13 0
14 0
15 0
16 0
17 0
18 0
19 0
20 0
21 0
22 0
23 0
24 0
25 0
26 0
27 0
28 0
29 0
30 0
31 0
82
0 4 1 2 3 4
1 2 5 6
2 2 7 8
3 1 9
4 3 10 11 12
5 4 13 14 15 16
6 4 17 18 19 20
7 2 21 22
8 5 23 24 25 26 27
9 1 28
10 4 29 30 31 32
11 5 33 34 35 36 37
12 3 38 39 40
13 3 41 42 43
14 5 44 45 46 47 48
15 1 49
16 4 50 51 52 53
17 2 54 55
18 4 56 57 58 59
19 1 60
20 3 61 62 63
21 3 64 65 66
22 2 67 68
23 3 69 70 71
24 5 72 73 74 75 76
25 2 77 78
26 3 79 80 81
27 0
28 0
29 0
30 0
31 0
32 0
33 0
34 0
35 0
36 0
37 0
38 0
39 0
40 0
41 0
42 0
43 0
44 0
45 0
46 0
47 0
48 0
49 0
50 0
51 0
52 0
53 0
54 0
55 0
56 0
57 0
58 0
59 0
60 0
61 0
62 0
63 0
64 0
65 0
66 0
67 0
68 0
69 0
70 0
71 0
72 0
73 0
74 0
75 0
76 0
77 0
78 0
79 0
80 0
81 0
80
0 1 1
1 2 2 3
2 3 4 5 6
3 3 7 8 9
4 1 10
5 3 11 12 13
6 2 14 15
7 5 16 17 18 19 20
8 5 21 22 23 24 25
9 2 26 27
10 1 28
11 5 29 30 31 32 33
12 5 34 35 36 37 38
13 5 39 40 41 42 43
14 3 44 45 46
15 5 47 48 49 50 51
16 2 52 53
17 4 54 55 56 57
18 3 58 59 60
19 3 61 62 63
20 2 64 65
21 5 66 67 68 69 70
22 4 71 72 73 74
23 1 75
24 2 76 77
25 2 78 79
26 0
27 0
28 0
29 0
30 0
31 0
32 0
33 0
34 0
35 0
36 0
37 0
38 0
39 0
40 0
41 0
42 0
43 0
44 0
45 0
46 0
47 0
48 0
49 0
50 0
51 0
52 0
53 0
54 0
55 0
56 0
57 0
58 0
59 0
60 0
61 0
62 0
63 0
64 0
65 0
66 0
67 0
68 0
69 0
70 0
71 0
72 0
73 0
74 0
75 0
76 0
77 0
78 0
79 0
26
0 5 1 2 3 4 5
1 5 6 7 8 9 10
2 3 11 12 13
3 3 14 15 16
4 2 17 18
5 1 19
6 4 20 21 22 23
7 2 24 25
8 0
9 0
10 0
11 0
12 0
13 0
14 0
15 0
16 0
17 0
18 0
19 0
20 0
21 0
22 0
23 0
24 0
25 0
78
0 2 1 2
1 5 3 4 5 6 7
2 5 8 9 10 11 12
3 2 13 14
4 2 15 16
5 1 17
6 5 18 19 20 21 22
7 4 23 24 25 26
8 1 27
9 3 28 29 30
10 1 31
11 2 32 33
12 1 34
13 5 35 36 37 38 39
14 2 40 41
15 4 42 43 44 45
16 3 46 47 48
17 1 49
18 5 50 51 52 53 54
19 3 55 56 57
20 4 58 59 60 61
21 5 62 63 64 65 66
22 4 67 68 69 70
23 1 71
24 3 72 73 74
25 1 75
26 2 76 77
27 0
28 0
29 0
30 0
31 0
32 0
33 0
34 0
35 0
36 0
37 0
38 0
39 0
40 0
41 0
42 0
43 0
44 0
45 0
46 0
47 0
48 0
49 0
50 0
51 0
52 0
53 0
54 0
55 0
56 0
57 0
58 0
59 0
60 0
61 0
62 0
63 0
64 0
65 0
66 0
67 0
68 0
69 0
70 0
71 0
72 0
73 0
74 0
75 0
76 0
77 0
83
0 3 1 2 3
1 4 4 5 6 7
2 4 8 9 10 11
3 2 12 13
4 5 14 15 16 17 18
5 5 19 20 21 22 23
6 1 24
7 2 25 26
8 5 27 28 29 30 31
9 2 32 33
10 3 34 35 36
11 2 37 38
12 1 39
13 3 40 41 42
14 5 43 44 45 46 47
15 1 48
16 2 49 50
17 3 51 52 53
18 5 54 55 56 57 58
19 5 59 60 61 62 63
20 1 64
21 5 65 66 67 68 69
22 4 70 71 72 73
23 4 74 75 76 77
24 5 78 79 80 81 82
25 0
26 0
27 0
28 0
29 0
30 0
31 0
32 0
33 0
34 0
35 0
36 0
37 0
38 0
39 0
40 0
41 0
42 0
43 0
44 0
45 0
46 0
47 0
48 0
49 0
50 0
51 0
52 0
53 0
54 0
55 0
56 0
57 0
58 0
59 0
60 0
61 0
62 0
63 0
64 0
65 0
66 0
67 0
68 0
69 0
70 0
71 0
72 0
73 0
74 0
75 0
76 0
77 0
78 0
79 0
80 0
81 0
82 0
94
0 1 1
1 3 2 3 4
2 2 5 6
3 4 7 8 9 10
4 4 11 12 13 14
5 2 15 16
6 4 17 18 19 20
7 2 21 22
8 4 23 24 25 26
9 4 27 28 29 30
10 4 31 32 33 34
11 4 35 36 37 38
12 1 39
13 1 40
14 5 41 42 43 44 45
15 5 46 47 48 49 50
16 5 51 52 53 54 55
17 1 56
18 5 57 58 59 60 61
19 5 62 63 64 65 66
20 5 67 68 69 70 71
21 5 72 73 74 75 76
22 2 77 78
23 3 79 80 81
24 2 82 83
25 1 84
26 1 85
27 2 86 87
28 5 88 89 90 91 92
29 1 93
30 0
31 0
32 0
33 0
34 0
35 0
36 0
37 0
38 0
39 0
40 0
41 0
42 0
43 0
44 0
45 0
46 0
47 0
48 0
49 0
50 0
51 0
52 0
53 0
54 0
55 0
56 0
57 0
58 0
59 0
60 0
61 0
62 0
63 0
64 0
65 0
66 0
67 0
68 0
69 0
70 0
71 0
72 0
73 0
74 0
75 0
76 0
77 0
78 0
79 0
80 0
81 0
82 0
83 0
84 0
85 0
86 0
87 0
88 0
89 0
90 0
91 0
92 0
93 0
60
0 2 1 2
1 4 3 4 5 6
2 5 7 8 9 10 11
3 2 12 13
4 5 14 15 16 17 18
5 5 19 20 21 22 23
6 5 24 25 26 27 28
7 4 29 30 31 32
8 3 33 34 35
9 1 36
10 5 37 38 39 40 41
11 5 42 43 44 45 46
12 3 47 48 49
13 4 50 51 52 53
14 2 54 55
15 4 56 57 58 59
16 0
17 0
18 0
19 0
20 0
21 0
22 0
23 0
24 0
25 0
26 0
27 0
28 0
29 0
30 0
31 0
32 0
33 0
34 0
35 0
36 0
37 0
38 0
39 0
40 0
41 0
42 0
43 0
44 0
45 0
46 0
47 0
48 0
49 0
50 0
51 0
52 0
53 0
54 0
55 0
56 0
57 0
58 0
59 0
29
0 4 1 2 3 4
1 3 5 6 7
2 5 8 9 10 11 12
3 1 13
4 2 14 15
5 1 16
6 3 17 18 19
7 4 20 21 22 23
8 3 24 25 26
9 2 27 28
10 0
11 0
12 0
13 0
14 0
15 0
16 0
17 0
18 0
19 0
20 0
21 0
22 0
23 0
24 0
25 0
26 0
27 0
28 0
50
0 5 1 2 3 4 5
1 3 6 7 8
2 3 9 10 11
3 3 12 13 14
4 2 15 16
5 2 17 18
6 3 19 20 21
7 5 22 23 24 25 26
8 2 27 28
9 3 29 30 31
10 4 32 33 34 35
11 4 36 37 38 39
12 1 40
13 2 41 42
14 5 43 44 45 46 47
15 2 48 49
16 0
17 0
18 0
19 0
20 0
21 0
22 0
23 0
24 0
25 0
26 0
27 0
28 0
29 0
30 0
31 0
32 0
33 0
34 0
35 0
36 0
37 0
38 0
39 0
40 0
41 0
42 0
43 0
44 0
45 0
46 0
47 0
48 0
49 0
36
0 5 1 2 3 4 5
1 5 6 7 8 9 10
2 5 11 12 13 14 15
3 2 16 17
4 3 18 19 20
5 1 21
6 4 22 23 24 25
7 5 26 27 28 29 30
8 1 31
9 4 32 33 34 35
10 0
11 0
12 0
13 0
14 0
15 0
16 0
17 0
18 0
19 0
20 0
21 0
22 0
23 0
24 0
25 0
26 0
27 0
28 0
29 0
30 0
31 0
32 0
33 0
34 0
35 0
46
0 2 1 2
1 1 3
2 5 4 5 6 7 8
3 3 9 10 11
4 4 12 13 14 15
5 5 16 17 18 19 20
6 1 21
7 2 22 23
8 3 24 25 26
9 5 27 28 29 30 31
10 4 32 33 34 35
11 2 36 37
12 5 38 39 40 41 42
13 3 43 44 45
14 0
15 0
16 0
17 0
18 0
19 0
20 0
21 0
22 0
23 0
24 0
25 0
26 0
27 0
28 0
29 0
30 0
31 0
32 0
33 0
34 0
35 0
36 0
37 0
38 0
39 0
40 0
41 0
42 0
43 0
44 0
45 0
81
0 4 1 2 3 4
1 1 5
2 4 6 7 8 9
3 5 10 11 12 13 14
4 5 15 16 17 18 19
5 5 20 21 22 23 24
6 3 25 26 27
7 3 28 29 30
8 1 31
9 1 32
10 3 33 34 35
11 3 36 37 38
12 1 39
13 4 40 41 42 43
14 2 44 45
15 4 46 47 48 49
16 5 50 51 52 53 54
17 1 55
18 4 56 57 58 59
19 2 60 61
20 2 62 63
21 2 64 65
22 3 66 67 68
23 4 69 70 71 72
24 2 73 74
25 4 75 76 77 78
26 2 79 80
27 0
28 0
29 0
30 0
31 0
32 0
33 0
34 0
35 0
36 0
37 0
38 0
39 0
40 0
41 0
42 0
43 0
44 0
45 0
46 0
47 0
48 0
49 0
50 0
51 0
52 0
53 0
54 0
55 0
56 0
57 0
58 0
59 0
60 0
61 0
62 0
63 0
64 0
65 0
66 0
67 0
68 0
69 0
70 0
71 0
72 0
73 0
74 0
75 0
76 0
77 0
78 0
79 0
80 0
83
0 3 1 2 3
1 2 4 5
2 2 6 7
3 2 8 9
4 2 10 11
5 1 12
6 2 13 14
7 3 15 16 17
8 3 18 19 20
9 1 21
10 2 22 23
11 1 24
12 5 25 26 27 28 29
13 5 30 31 32 33 34
14 2 35 36
15 4 37 38 39 40
16 1 41
17 1 42
18 1 43
19 4 44 45 46 47
20 3 48 49 50
21 3 51 52 53
22 5 54 55 56 57 58
23 3 59 60 61
24 3 62 63 64
25 1 65
26 1 66
27 2 67 68
28 4 69 70 71 72
29 1 73
30 1 74
31 1 75
32 5 76 77 78 79 80
33 2 81 82
34 0
35 0
36 0
37 0
38 0
39 0
40 0
41 0
42 0
43 0
44 0
45 0
46 0
47 0
48 0
49 0
50 0
51 0
52 0
53 0
54 0
55 0
56 0
57 0
58 0
59 0
60 0
61 0
62 0
63 0
64 0
65 0
66 0
67 0
68 0
69 0
70 0
71 0
72 0
73 0
74 0
75 0
76 0
77 0
78 0
79 0
80 0
81 0
82 0
