1000
804943
16614
521425
762068
494412
974417
272714
205548
649212
770689
992431
228082
578328
294475
609189
169225
695575
390485
880777
935759
113300
486694
286322
228449
418439
996225
408337
648070
702492
848757
870682
523434
238423
637633
153295
63127
984583
757386
556024
226176
600341
730862
36735
38834
270527
73442
960036
316266
661012
785132
884957
466788
305723
696423
966575
539721
722012
441369
845131
191878
230682
664167
413045
747750
127004
324518
636375
962283
459694
632041
30337
411149
356884
80369
898000
10546
320997
475589
214936
156081
178946
402855
85106
750217
102972
823332
822450
558234
952402
119667
737307
880096
278221
262337
670932
133581
146948
783236
651830
717976
448930
806392
782880
167731
679291
276509
910324
868901
349733
319582
259079
630736
91839
640411
851828
446564
552044
16998
529564
442328
51845
224664
247621
904727
681988
877015
409718
524286
157789
240999
709865
297975
619434
598568
267922
849658
27920
398913
659918
923858
79777
749808
390699
761557
713645
325971
757540
405578
303430
559716
178095
249310
826002
170010
266294
411222
722725
304405
718285
504340
603418
19571
268967
602881
258255
808862
641945
604402
713855
985910
681105
995580
682206
261853
83249
976708
868166
899490
606854
815585
244367
384285
912805
610432
854580
794060
323966
35515
373059
715867
808813
425668
143241
945862
506505
43935
692681
829262
771909
922649
844887
636212
365799
924290
858275
619049
77839
983721
956195
295797
19419
745081
863714
512867
467552
550506
774851
8451
288237
345448
76314
722763
172340
452015
161031
456455
408287
316843
745514
593992
505412
657713
406805
4717
591222
873551
11196
837040
293852
16666
421313
55215
955175
464621
403846
517483
456030
19414
665456
995947
365415
487660
463087
189936
549513
78191
711048
453430
445145
718663
418726
227195
918916
296062
749347
788547
475276
556659
305358
961222
428814
100797
2606
480338
78442
647535
892408
484749
362042
446016
255611
484992
704598
794381
360706
626549
603581
468018
511221
668709
184137
299241
592679
348029
431195
286789
815206
369287
7573
561472
107727
274798
698413
986499
727891
481606
144119
961793
857824
188090
747181
599173
34768
793764
221221
148142
719822
706807
584489
245120
29828
308901
454234
878267
165959
446973
476638
67284
702177
890356
663303
828192
155137
976271
909482
43435
839916
91946
894059
652928
456899
65432
752067
854607
278635
351018
986536
140904
658457
192217
8663
936
359105
101447
351912
720112
416101
775043
902736
82129
461322
641644
563687
128822
877576
408089
879608
459146
969297
566071
550450
807281
110643
659698
239330
621813
743079
707323
689693
377142
586131
336032
251274
902204
675454
790498
981866
909846
919998
930693
324784
711162
79062
675103
696736
920630
751035
219919
798631
57330
153655
147513
307844
520022
789194
949677
79215
682564
726830
528811
296307
453719
591908
400290
657753
646573
548452
170090
626259
161024
595906
838812
409878
73221
693775
740021
794131
772647
96535
35932
967620
272363
685087
818231
714906
294512
967079
309705
439282
970733
905651
805533
303789
64052
61474
557220
871930
848150
541066
224336
721200
973336
209310
29109
627600
730502
104339
34330
698445
499022
873793
5755
648178
183132
937092
405602
768953
270708
500894
660809
890923
253906
532324
984591
257594
10696
580529
479852
135337
649096
966133
798895
576868
986110
210373
63443
520401
307822
877234
880141
903954
517198
601213
638514
177837
584897
436036
831842
526797
82320
212490
194844
364246
22747
368492
940043
615484
802494
729099
267972
956357
924723
50637
253042
797937
575646
820846
283323
278441
702169
436971
899816
457761
773939
743108
924351
994647
960018
144912
490949
398364
511656
710966
755783
193583
333070
204714
656751
403081
206502
749094
319938
172327
398787
787892
51752
12518
88705
68688
95859
722197
732516
709986
97939
176645
284907
395890
278885
993257
177479
696165
338408
884428
795145
431626
596258
184758
368397
947704
891426
339993
863258
762953
323895
274612
917687
124900
613324
330880
438300
745616
16054
305060
638951
101354
391909
584204
247794
397391
691943
124798
859804
34074
387321
391790
599051
681786
388949
615881
533709
121603
533426
472116
809465
798277
804515
388740
234332
928988
599851
97275
951841
616880
241746
325235
874669
665901
445557
316282
316982
842828
701365
979226
341567
332473
175509
429928
286898
897743
181077
551191
968091
462327
252141
676002
714441
385691
248696
771235
700494
828809
696884
397100
645203
943432
223821
397776
188022
59618
805810
974202
75409
56321
915698
308469
407986
12660
627418
847905
39604
791580
81228
61796
477318
85841
934981
604381
129904
205682
461389
100081
819141
643878
35758
743011
952137
977671
753232
44567
781833
965806
284468
649003
862630
384701
367155
562809
196140
441057
617910
578159
751022
885321
183129
288834
307217
534321
616865
172945
73209
143711
40002
271470
928451
922517
367232
569051
398783
377370
681358
400169
159844
517823
637497
734465
84589
110972
884931
645158
439484
969894
152244
478193
819155
66349
126426
676812
416720
362384
139954
586263
379857
412299
994548
816262
367935
103697
631540
672791
232518
647138
971470
236820
793150
10731
462116
691481
546348
757923
732104
487122
707134
144837
618145
797065
798295
602777
667027
188471
848520
824146
33839
49760
735746
777337
27657
336510
169380
826868
813654
808550
685517
164992
165973
730242
939320
36261
443440
786839
646532
38218
481325
859666
849634
263676
94866
734518
367381
188276
950186
684139
176820
277814
927751
908950
984881
402674
340562
416591
993735
247405
810355
950494
104130
721125
812861
34058
4691
546603
655379
887936
806579
79269
245961
595713
226382
736276
770989
800190
28792
124311
735376
481
270147
143832
24117
885047
936355
473139
45692
910713
250654
499839
183664
184901
947816
664361
516886
543608
668662
147734
322956
520487
991179
909951
527811
644828
562665
550655
472797
462453
203180
735788
530877
872547
821177
567389
222649
451989
189283
757708
322104
652729
664247
487355
470648
233057
7733
458531
601120
437926
344608
49462
841673
798337
351495
533613
895085
691767
597629
18271
347055
575041
856121
81974
519734
856025
616402
196387
596761
941317
564873
128064
492800
248516
618296
127298
432420
372668
774147
99196
900061
233764
813377
705
756593
385753
174580
467244
446393
582619
220765
485665
34716
208100
629595
833495
643404
614538
775420
885899
886144
280746
427946
673602
17934
40728
475414
597493
244880
42459
530554
756185
994909
979817
132193
112466
603991
638594
780441
521591
864760
897327
327706
429399
16949
711500
322000
135521
659230
43825
445108
822236
114520
758642
561977
951541
562640
766616
940070
779408
908977
632121
134556
974234
311241
870738
415185
815559
409474
309221
996373
834691
410846
397753
341629
995581
37266
277210
653131
193943
15799
728689
650627
408047
577257
657938
186175
959492
667166
937694
401181
344463
392893
793044
71097
690325
351416
474527
684380
