10
17 10763091
281147 219175 21384 642018 156647 13795 906119 235608 268183 730890 151180 748375 346639 740213 332705 326109 933408 
17 2648069
772722 738297 444376 221291 258466 120623 48023 930040 424462 878485 661170 676725 151221 891120 413965 51129 717910 
18 5089997
449908 856437 794163 732428 332182 205464 683773 132018 921935 707110 997620 140755 44694 892935 955606 293870 86225 632317 
16 4177668
18576 232830 313263 583033 617722 595005 792279 54167 544343 691290 545314 874115 794474 80935 440391 276823 
17 10659997
402285 80909 917897 432788 795381 201679 993769 319713 717564 23704 893411 932445 787301 865946 240307 579549 965412 
16 12489865
742126 722545 363827 450571 944601 47691 671962 310078 483431 732529 283589 887335 924330 919881 974272 166906 
17 10914814
848979 865622 448698 660193 225374 152599 199093 762101 354434 70702 306075 495462 86530 524892 396587 812624 562917 
16 4265716
814996 880982 931915 650318 839532 69661 439766 297217 430717 250113 764771 30299 712653 388707 189015 627080 
17 462745
99437 179399 547245 596994 54402 612814 416133 416770 415643 127740 376050 689126 645199 497325 214854 435417 43861 
17 11625006
597142 68833 805970 363620 407740 906866 908100 178428 955956 154987 376713 111404 59942 207720 124394 641158 650260 
