10
13 930844
67039 11127 81442 10461 62306 28859 72813 48071 88818 1595 54857 77648 3618 
13 314205
48196 1171 37410 85 59622 48072 56235 20789 55944 54082 80580 37403 57889 
15 655451
40863 58010 37452 72485 40443 82837 52138 92886 6487 16980 70393 96021 78609 66094 1138 
13 247828
36882 59059 81312 2362 99544 69219 46546 53496 96953 68942 42549 35783 80106 
15 1372301
38341 92999 83288 87694 56087 60543 23245 61263 94576 8631 46150 75037 58226 28764 97768 
13 452098
35908 41049 95137 8315 1855 4571 66323 25417 6701 70693 77244 71124 40361 
14 1359780
33757 36107 51504 13012 95749 88630 18280 22140 78397 72469 75395 82658 10934 21115 
13 59099
76163 94107 49912 61352 39708 21482 15787 50657 96850 25561 16222 3521 76070 
13 778698
25575 18109 64105 35377 81638 74426 38714 72717 75442 85244 46800 95382 32102 
14 181206
15648 85395 76370 26056 43159 97208 33874 60961 37160 46745 18044 87580 78854 45371 
