10
17 6314573
592142 45070 576583 979550 820474 505222 784044 942593 130756 256034 157223 163948 719806 70077 267603 502785 640208 
17 17130717
602163 972610 896295 303156 173439 438988 319632 438570 907150 835930 764699 722142 529146 134013 837051 279682 797770 
17 4271498
336616 961316 908701 778561 336585 488206 727877 951363 594202 869087 625697 69613 71909 885392 981122 69590 137767 
16 6554946
639443 308572 237706 399028 330184 692338 146729 557570 930517 284098 200613 377409 774885 783174 411335 695305 
18 18061638
915955 735612 857332 795388 450423 61954 519837 526334 878013 462980 389827 789544 216365 840947 234568 883449 952438 883272 
18 6644777
171226 398471 280011 301068 172426 808436 880308 940465 563218 449260 681027 360602 423338 651016 128256 587486 657725 834849 
17 3370638
254680 995273 229812 167985 21674 696573 548651 304684 314104 862846 85508 499573 140426 888429 339698 889131 44984 
17 13659010
618684 611769 126506 512553 729729 891455 992354 240529 120447 872510 921859 216126 894868 691363 180131 183100 723601 
17 12285277
952005 503675 293182 901256 761425 523614 83241 527440 702450 622784 991720 750864 81629 612589 760754 114543 8118 
17 431197
969279 402264 610122 392976 168419 346472 324443 143863 498912 330907 211090 687729 573928 469984 953573 474860 147267 
