10
13 68397
96454 90759 34880 84296 46424 43072 6294 56174 80882 37432 28214 39391 73532 
14 469787
34356 30860 2149 56489 67151 5683 38677 77324 66478 64328 75168 52312 70050 94707 
15 285600
70497 80831 43312 90526 5218 25250 63454 25320 51402 62739 95912 70387 37898 12780 45028 
14 1247921
37853 88397 82270 72000 11615 41817 63777 37708 6932 37000 77114 89238 30120 89529 
14 778980
79559 5551 13219 61644 54719 92918 15128 71652 40762 82557 27365 4950 74727 34914 
15 585678
76916 13816 45807 7463 4398 48267 36711 6813 89294 87450 21852 19247 46950 95000 55621 
15 502421
2377 14296 11026 44710 35796 70705 7515 82657 22794 24354 8007 7979 45898 48824 74177 
13 305582
22477 90958 48564 95719 81854 25140 78512 10613 59553 61330 18346 37089 65750 
13 1270196
70906 23545 56690 39321 43864 60823 63390 4828 80233 67895 49318 11413 66396 
13 12408
79919 5166 47485 47441 50094 10644 96148 45646 17842 49714 43680 707 8711 
