10
18 12059199
725584 742516 82117 9532 908072 978875 410221 974420 380490 704867 283391 42696 352805 643895 977176 717352 584871 849930 
18 15021636
385535 632186 322751 673861 327019 891592 317838 263174 899724 795876 823393 877462 729426 809967 180834 861335 798600 48094 
16 7844905
116867 766276 142997 530616 159665 347162 908411 338753 180111 77013 835818 598324 96794 277321 43732 171246 
17 3578643
717481 20506 680124 499409 645687 143649 376246 629916 794626 560585 118724 92238 82615 874358 487936 240175 212054 
17 8688950
210404 995971 380536 717241 121897 393749 305112 649141 530070 904723 89445 747672 888040 478850 397956 962978 561280 
17 1892059
391062 602755 537554 889868 339959 991645 713452 895552 997892 801441 219894 861137 172418 621555 945730 641626 753697 
17 13831049
710197 853292 581929 852778 355167 403347 5025 778054 507324 906279 391592 861923 832331 253931 644346 343745 468859 
16 2604156
100800 712543 530387 568643 617933 429375 569424 7900 151021 923396 172181 427148 794352 614598 394495 889004 
17 3598105
848875 676939 207817 580560 529949 513779 945772 532374 552732 495272 54183 980324 558963 821103 127372 837391 322465 
18 13952003
835353 462250 503101 422275 876365 192537 251119 538407 34021 753660 427749 867566 696177 786671 753874 105843 781558 277482 
