10
17 12197802
830935 335445 920447 616131 927134 389204 265417 505177 285488 312345 862418 714503 867528 335536 33720 212259 179123 
16 3420527
151139 421699 893327 328795 373127 310876 193424 326943 770323 424261 579883 760419 617501 872097 209261 705242 
17 12316576
860218 531036 467096 186666 154017 231420 656344 357427 939947 243436 579991 427934 47615 789827 756842 658423 760663 
17 7000910
442313 442197 618609 603039 415133 307589 274099 729057 304046 832825 176917 84638 269750 537804 538615 845743 871608 
17 369670
772013 105396 42106 185737 533781 91117 114131 586123 896740 724068 81386 909821 763144 576549 108814 696710 531632 
18 11516224
200210 512112 326254 402477 41904 886960 192126 524886 651729 836764 504704 163818 313481 462136 549188 782949 667323 674081 
17 8580831
538417 815994 324722 489717 159726 137229 452513 344441 715109 478662 978440 973505 22464 64394 248124 899627 683579 
18 5059135
222558 506143 3126 972609 883321 838113 511907 771559 239142 231575 127836 703001 624309 131976 636253 368257 125684 393194 
16 4519418
201360 899441 805690 761732 221060 804130 450188 262182 48194 828601 840701 456932 544680 474469 86378 499689 
17 4715368
685976 892847 74271 116515 774333 703459 176158 377636 666306 454299 62165 266060 52757 833513 250095 468164 465744 
