10
15 237602
45392 3905 10544 76803 35011 91138 62053 55969 70657 11367 30715 68074 39596 35488 16247 
15 1250096
87232 13760 56849 48594 77929 23374 7856 46612 47117 94044 54576 11041 7786 49960 74811 
15 897081
92723 89572 47526 16540 95150 12197 52763 37450 47288 20914 24820 20634 6058 20449 36031 
14 243393
7710 78326 262 87661 76105 59740 3388 83939 24153 4045 17520 34505 4492 92920 
13 420232
34457 50591 55461 78815 98350 49177 76589 78417 7813 9852 12461 9442 80907 
13 112895
33521 61608 16047 3636 76804 53966 12271 40272 59418 32873 71366 38434 87653 
14 1051895
6806 34719 59838 96110 3428 78296 48394 73268 94767 63803 26442 17678 62401 40273 
14 426880
11600 34896 51161 35981 69233 205 63805 50615 77713 20751 51798 68447 12667 9076 
14 630087
18211 37239 56409 92890 31941 3762 62888 39639 60313 20832 77717 81008 69787 70408 
14 117373
29954 40474 32430 82479 56161 50591 96021 54316 50559 14167 90492 1543 84923 28072 
