1457
50239175380
4654661813
18504440769
37840495475
24586066276
3281355331
57012458934
96760915238
46903043103
11260041507
79096828261
84553225383
53087796412
86712954923
72124891286
79547652360
90545134420
73531646693
50952154888
95394060107
87648578076
57850067621
89688840893
60986541433
34154539633
95274378718
95312051119
86661026059
49070712850
69498491546
45941414436
52768886098
3405520044
46011405568
3247032484
63047439062
26799552883
81850872741
23943369809
45803804413
91776944776
83046827264
41196299535
64719246270
66457740610
4468564282
75079170223
64598407810
7741841503
33645565636
67619475887
9123623988
95768569769
85156688461
79834873855
2498512957
39837285357
75634833836
66441550249
20150775919
95841356396
84400779361
33855053863
50517691414
28373400002
31507532509
51609532757
48880889876
14309567865
76446031167
54908463531
1811153740
21795896964
62656038412
45802356362
73857710939
52398137128
35861503139
55008724042
10689665807
75183581113
45572974219
90381704470
59606043397
5758675806
80836652173
87076045783
54943589885
89016175886
84030615457
6837993795
53405124401
34266904442
8227262015
89210500995
78641751768
41425560257
46187017701
49632201409
24661500755
52111388793
87276001211
78005873056
54015697092
46574084629
84361949663
58164647568
37671684296
81269681613
38608674840
18342069393
74452338052
42415523390
63645486025
70853584957
79266871641
40304313376
83245187746
31500894604
58547856788
4485974557
4181885143
13169217686
8301131677
42351216330
44368283513
48723571400
4059262739
44289813484
28407962919
37423225056
28966831209
28035340872
28183504319
76266149410
48486449999
23919748789
80535090974
95733388976
73563091777
92324157467
59135346728
66921380613
24438942191
37767650876
10087054183
52004075580
61895710289
82992981368
46104568628
33211354619
30206214117
60028059662
55409778050
78493167816
69048831563
11441361789
40336347191
59123689078
38640593995
53257182396
85147348429
25849589026
82134511200
39068320075
44563982609
3577002272
16920455614
26258440058
70451888260
19187306217
37279288831
56626307602
90226716348
47247407140
49652737168
33366326518
27407488507
96519855086
90931874382
76529280970
81405142881
87298670047
92600577163
22139524336
86816984650
58361144634
13523009886
85275397136
7548660886
82942907353
66135779969
8286256326
21571014144
98356580591
90921564627
61607037511
67639722160
11952086218
80221647288
93126398983
38378414367
44911041445
54641898933
84001281839
67804664795
12558871360
78526463667
3377118563
80713844138
12165553718
16943264336
230900918
68807107275
96865626009
13190853146
81151741427
50222842656
35392671885
74714385830
79862506159
4590457381
16532342720
85387367224
68282718967
22488901414
11131045056
10505459836
68045033351
92118972098
33605550813
9280401539
34299311410
87993348059
96840918168
35786845497
26369916122
48960022269
11008231038
5817998559
31273667862
48291447601
45669066325
50172178698
24386425854
51549795633
60498527820
71372290383
47591266849
41543741426
76765693713
36218979891
53636992449
38484959705
11848582677
80330714583
91505177809
52390867423
67580374593
89487259954
8704088853
87841348791
62832584527
82593364870
77476732665
45014818855
56623734379
85826835057
64954069702
39576697770
73009844674
45299183447
96954933534
4525336562
95122929240
46684968809
59789606401
7789498129
88652932569
98694746436
10932322266
57919143612
3766980791
13170718600
5726398112
77084294854
80553059321
79973562106
22339072758
68889427381
95219661348
88852559385
93247108270
73415542573
15959982731
31413084468
23756046208
1152740202
65390025482
295441738
48192928363
12283053593
67797949937
56210078839
9109896313
33767266091
35137890995
74757913633
41092705936
57801824486
68746003690
12373488057
29897535895
7324191340
98120532526
92456243741
59395639146
32454659361
54519598720
10725486613
96026542518
88800972467
21433730084
65120591824
96622708240
58175867441
7010108533
95557550854
20687456484
36179429042
92114567893
32220517965
5339746767
65717369982
37317817789
55403129134
16585364694
50331605678
86324080682
24676646151
72312792406
23354127557
84937556907
77047159922
44582496941
90487705225
75556938290
49424133929
24932836487
1933619766
57469637033
43346561207
66958957868
19362305778
12106319128
62742713017
57484693828
13912673343
47536048994
30316994677
21898953490
40272394859
30227895402
4790752063
44417399440
96371385422
20660429544
16615690187
91751211492
87318865374
26000699483
7723351432
66950314364
69728097700
40620445727
587791820
52727770649
41571001464
44875794754
28265106394
5112527431
47141992776
16846333549
62794805493
2332951447
41987576906
53014426092
22418723356
7458851850
54930117480
19986180391
67289092349
65952813604
24400479763
59569402225
41516921000
90615401581
14500756316
5052246705
18631253758
24706864334
49000912778
9763350685
93915028271
35902421466
30727518183
37622778483
65103291036
64293869568
56515350114
26019820013
80768005514
27331330418
48894225725
74898063332
52069328040
81003578137
7254181317
38477834283
19984216757
64465108844
62503148102
40449709865
38375580288
13785129475
90725773538
82197160217
96556488483
97897436972
59572304663
40372061122
86082972065
32187911087
67672875464
47839045723
51182464643
71911297525
22565564350
46692818076
10354488561
98105752921
46557067748
28025794593
66183364254
42301057646
30756006224
96448671465
61023033958
74488752021
84962387931
65278290632
63595910068
5777970063
48376368340
48247899901
43082237184
87755991129
27788023887
65918749502
71304181688
75079346056
88380588802
70421093985
80984268225
86683365505
41779443073
46414539739
68001342878
92968449324
29097648219
49181950582
70352968443
27645451788
79137406920
34534235145
94981951197
66773779946
31461936223
56593434670
70277809285
99601439265
77066667316
38444942211
90600448521
43168362326
49658254368
7949975753
59888743298
9820893973
71183711053
12450212239
80196427733
85815760168
79938461626
51379010847
46144529585
73230112209
66257986311
86122839
1151407472
72981760623
59342787210
66303881749
48607204905
77286724737
28937689518
88108785668
8491097148
24482910275
24322198382
65689942581
47944343306
88178106170
30888386373
16776551678
61021945445
35034361202
19183362600
76336743210
98137746304
75898683973
44936321706
97549161824
55209714451
51407753689
54767243612
10776548324
5687164151
86958085193
35044457581
27668042343
9940028274
60560350661
12741406917
64592936147
59807861294
51122436700
50980373568
75352177531
7829611715
99000238998
2469418989
36713047275
72025037782
17183928952
20292295904
83590718145
8711445766
3246452632
37259864919
58493457822
31301429496
53798229840
84558866358
94256468771
5922747856
94992354486
49205731764
77073748031
52357512623
52820920901
94932092341
6760420759
68667140554
44221773349
72421317472
14436079145
18044359774
34200993822
94224556439
60686387746
67797452471
46875803438
83210075055
67229683212
66881701831
61985971022
45135537324
98363853131
83326982281
72969061844
45789619139
94872596774
2252664787
617618521
99951880154
47753942968
14399604889
11250249416
15491000322
24133046059
13876388367
96211474410
967398052
77045056606
53341373593
18344428135
92468946694
44297219051
45647713876
75959350503
94050571222
13466159619
26654287831
18927974361
13992271847
88936065434
56882575965
73309092565
91584184897
44360173841
47274610906
65245641464
14823068400
31423732151
69557194136
40717358773
78000311806
6872988948
81741306203
70621595928
29739576837
37113226997
2762287400
63118475199
92755547040
11523507974
20247002243
16661152465
29131437957
4129659283
23498742787
84459446709
36205997240
24499043261
66189287503
9001021359
21441496733
77194160781
32458436737
22689591106
98294706600
54281384596
28035235932
72313308885
21992023498
80724683940
85213778654
60996924194
5744736921
30496182320
55502181341
38298649432
60298246684
27740889883
59392625482
41129222160
39702224393
85860227727
64076190949
67434137449
31495000023
5234085404
66234832340
22026646612
74299072997
76087256397
55108100399
76664041144
96959451876
89581563753
58610789224
20561499037
98222252422
4561196427
77958380876
97852854574
87682554310
9447201820
23614736564
51261190995
42085937269
87169000595
31871968317
91134190086
9899339896
27601610967
59613342226
29585143199
12523905504
42974757379
71134971822
2635487553
91880711489
65680582753
66474497650
94170781814
7579797629
85185479234
39747742802
55423288361
61034641480
55072060306
38961893929
61332901300
85845751082
11598319891
88296826198
36783507717
11072962403
11727150627
82240010110
90063386780
65011598675
94716133667
70066401654
97927909330
10021328592
39412010692
75538276801
71129373751
41702751676
65777868890
22920260809
55309000553
85294780366
24558784872
46565069734
66056339597
88641017997
52318608790
76128414776
5702928033
11606088969
54929062880
14069332042
94815757450
10911882839
72233876301
6847164633
21484623070
34051567159
33132746352
5815916350
41375013557
48134015793
71246941064
86032520727
40714733251
95719618103
96181994451
56295307340
90613069412
9079230994
98066898136
58826251373
47656485347
61149500952
5788179177
67578802447
77735666595
21502644468
72822458996
63471174695
27251031817
17582558393
19261512169
42249559597
88591098306
39288907703
52275760398
57964648410
11131475168
29418592012
85905405413
19310218836
21329630652
39057033219
3734929212
72185510376
83402330897
34392985749
68299640361
39620049933
6106687659
56470441619
26006277147
83412972747
31554810462
41866079668
40970139579
33642551398
91053395856
32989949991
20705401115
30051115615
19371285756
1725965868
56831638898
86332282126
11140593540
33430361866
1895631429
43955930456
2026847889
52901800340
3485143971
65956476718
53453184356
9485202328
48037484371
78529579976
88157213329
97637110957
83106982756
48753528651
41416660253
39354820428
58870596044
31485924420
97540655555
48747058740
94993900326
76269401308
49734739572
26859420473
72626427116
35654798577
700023774
85982032887
16572984106
40735333927
8232452655
42458180129
42917869530
16363273425
99700899751
61659743158
8949670393
28846326910
63763141724
36142029155
68982668378
26118663795
90373573726
89732935925
95793032204
22959499846
7797934304
27329197409
94142180475
69390876859
39862677689
25299487495
96853603163
78178363570
46429831027
68561527327
5506879331
43906076603
49456492438
59383418566
7210892139
1191131666
67107852546
46747390605
94059465222
53111174828
91775404424
25205266416
6625145200
13315883773
70819363151
16294389929
43353716003
55469365689
86351994989
78828548091
45398338442
80166064432
15923184118
26639627515
75441485110
59300526653
40050220980
39898602273
29409326745
56216519853
96711441050
85667423833
67059911603
42327458030
19284119402
62228518631
10806309101
36875296186
40041101855
7040169499
12853254237
61296870993
30337663120
16429345679
22819127919
49162747000
63378976898
35807564202
91407255355
70694670972
33252235799
13442742027
54800112024
79583049131
17770473891
20437266719
92461468888
93768769372
92294986341
87892179447
29363080436
71404607069
65120432518
78350205387
84115134814
1749459337
7265774043
88067142055
46684984676
83257992667
20581249016
24489451797
15684531352
23596859435
40917834261
98280968899
77461691412
11193116550
49881498356
90730989659
31938064777
14711633067
24864980492
58864846134
63693286769
43670725626
21656330019
80653064695
45661672999
57361230565
35630092347
25837219524
84864671459
18579659691
87886591106
86744094651
14723509997
41293125233
55403107189
37102365461
80670058907
11791289501
14614027145
31758295606
74781810750
30080916713
48804183211
53714319636
43091502052
61031300798
97413667282
80820216835
61893406314
48620128759
23472206063
41989587496
75572095884
20777953171
61175468776
11297622756
67218617833
7388065127
27987153722
83338898928
82682158194
99012649627
9866726529
69128334699
8969137050
72425929471
71423871054
83736737882
12594388906
25462066420
55222928997
70642053612
72607876491
28728216985
68970065975
66807151043
22946391843
9316160089
248960947
52892684357
86403871971
1288822578
85240559226
79918353854
1290568248
78407523955
8330731423
88728014770
55019055711
39726705542
5675651373
39078747994
75732470407
79644324191
24501732860
39901891671
90423763681
69832416415
18045446767
85690825013
67217374963
62420121952
18196286831
62460188495
68544466595
31409356974
90601508439
91718271052
26044925884
81823269277
65025241050
43214777808
96326047289
34119953957
24253306125
39232487650
65323145125
49043599397
71027059144
78297590021
83452656803
51073637844
70564550318
42063340761
32880559442
58424387085
25292927705
30286944168
26206691739
37498379803
41330698099
11976303880
93111460503
65803009477
56013002823
91330533245
78804187304
62701495236
23875586819
94635469288
35291347767
32425679526
75880960259
66752735667
80037347255
20290469045
30009070298
78779637464
50362543852
28542611783
46117938806
9516060518
61519673659
40503292294
5968850014
94626956581
32309761775
83017015678
89183249711
64641132554
60217857294
70619482112
38536348178
92754699149
95088890527
73704771662
34214376386
4041635370
12114331168
35077277396
52691468309
29863786656
79502514615
69306491249
64350429255
72023902578
84493080007
24933439155
72255591652
98431059635
60476930358
11882227663
54021675445
35382278289
41105506158
26450949123
3806861345
68561600187
36496840864
50952919028
72709240160
60690946986
58831143656
14252689200
83967553848
93580259570
71195426596
12347214865
84668618526
20532823586
27838720660
82403790984
31313355745
61480984324
48520186634
21362993178
97484241580
38120487258
73278771509
93147174276
37690111103
57451086731
91715052558
16930572433
91728897890
4395768550
75401538059
494926144
38026359916
74804053603
86684943638
17070707608
89600482946
8378488460
99550992009
41865271831
52177375182
79234209915
78986374022
16115020496
48107223668
89846319452
72443049282
60975914091
94470090208
67663794818
60035921759
61439451665
1356183630
99913591950
73888530767
48971095433
91197299291
23703745363
53727532931
16162372025
66262437555
33534918258
17825542776
39709782245
54130498745
91912495425
21649953507
67166714287
30835932630
49250410349
77141049220
97423291335
9550828120
82923601046
51541779200
41560678804
5635723060
78684091506
24359085389
80625929544
79930323395
94303798983
89423551388
7898816693
84550181430
39862633562
31744761087
6567983221
98277713378
79445475481
51612960623
73488239409
51369425321
24057088874
12049552717
16959847351
80581209659
9711941110
17859060338
26423963395
5048657112
99978145422
11808215426
32640995489
54321406966
80593291461
4241796923
95758964160
78156759584
13310698688
94656069325
19406115629
23592812008
35955785595
32158531625
6662274429
85472422527
2742348951
43361379658
50521534905
23922786501
9878490686
15482136695
87041318664
1956368703
40884985762
46465463702
27524120641
50809416763
4203708982
44150868307
28093600051
17599371304
72226157722
42587274470
50237684930
29381251768
13969431395
74172165999
66180782599
68076807509
39212817440
41880949274
75077324287
86619418117
20767419496
15820639310
99386347216
47878254867
22350436627
58251456921
25922672042
14193530090
52798936489
80051118383
16857797047
56976180905
14695502228
62691892653
26644612874
83890870113
3317262714
50706151823
10979353807
10174534904
72508286189
54209125042
40406471636
62073996552
9677486837
81822937190
2827889823
1783055848
73777240488
76850416059
75627495824
57480331567
46590107790
84249591935
89326967326
97563551140
28058835368
16088573909
2591427624
90320317027
40481891943
21231320142
83969443691
41349333681
74968433282
87858881891
51728230663
30499197284
16931652873
37720883311
45025842013
67197589495
60432315920
13078802261
57230556567
6485714762
57488173321
48459669565
95204404354
77869849646
83089735101
21917795807
96251196519
96928022439
80547084803
61116468174
82339688415
90790851501
61886217201
11442509056
89168607024
90691322767
27599382675
76848713441
17716904507
79831524942
65308039012
94760371474
21206027560
24202557810
42034568449
15023983097
59319336820
73751616799
60541334065
83106364103
71093112097
12746375339
95984787771
7102180001
80704131137
74115933764
90701355434
34369528569
58954305193
91560746104
82292503734
29288664191
68995544479
15278840359
73473099661
27718618846
72879538940
27698044011
79151153158
60368814519
66979849449
45312556286
54771710542
19414134860
10939749298
31238821550
59857452055
46504707150
75736518668
5063535990
17229341872
90791542734
8033069065
55209221579
14431017966
96948360777
9680929885
83320816725
63210476860
25720882198
59168974852
11474348726
81870772297
91550330488
24218561475
18643009
65871946228
95081304981
50885581020
38342989409
26313499910
165342
15451803794
13424531183
59891093299
70571598171
74748114458
87744469190
14897047991
17032321114
55666592698
49363392368
23624989107
30635265981
12306753982
25354428844
97103745455
98564017332
84348661316
89814952479
56331793697
6680551754
13284915251
42305126287
89999080781
70639250826
23590763199
59981693338
40589867542
20710883054
1390552411
8688492238
12235764446
24367746218
54521087880
31203811606
31841865144
25155514077
46529852362
3617865535
28354760858
27839179511
47965515401
73913429881
46756947204
9670291309
24708889450
846255779
8788690542
79227195033
73477682147
5874207815
88968900985
19470184272
29835909991
66376846278
23174451901
41418637368
27116319310
21643610766
22931305663
15915064178
87300490610
60945311359
52728332654
78928001747
28076055023
41181391470
