1367
81776
379936
816886
199182
400593
880248
360542
6248
950227
244869
897540
658819
399637
888413
943057
245586
105152
390299
402819
622917
899703
522836
272652
854665
61775
480997
64040
384094
89462
738254
612716
911882
152418
887251
680791
160774
662798
691191
168558
753153
256052
867223
360122
894165
885758
152556
125279
695155
878178
809511
436307
20142
621774
28473
321751
860887
577429
249450
520281
436359
519298
430205
892990
153393
555391
606412
289393
983057
975642
426390
622107
491768
96764
750540
208195
526761
784349
720355
100289
297238
559187
578466
994745
352246
908191
346936
399655
205587
226689
205707
759770
836706
740726
645470
137799
591438
214414
311332
312262
123661
439226
603271
744047
983520
65063
306623
157376
367349
338840
874788
68671
751733
762768
688234
211768
998758
464857
476573
752025
834922
556385
569913
441830
161788
165765
648111
668636
884373
923996
540558
47014
537012
428987
759121
206157
757604
153224
720055
891029
753844
412748
254069
819195
117165
358368
475356
969350
1425
313269
342993
592144
778016
860249
888194
605563
508462
226811
406215
112633
310113
566006
52154
605340
472392
162635
50316
646239
969718
14812
213223
776264
528481
298639
718547
808566
53200
210183
309893
244173
809782
242511
444073
404130
32346
880647
595869
580774
302077
778546
596825
883031
562371
224171
881626
346892
650126
926937
789831
575135
999216
411751
110703
179474
939894
248053
460687
386351
334714
781047
960007
314403
39533
59351
963658
93122
411607
222226
580316
327614
336692
542242
719488
527485
248361
780153
740748
888357
365226
19106
577973
29638
919763
137789
719145
21082
91285
174824
821905
624816
320534
670379
544117
665868
568401
650111
866190
622627
453729
897885
439875
751851
847250
312396
204299
87099
449118
925274
35296
327467
885459
481150
5444
109772
727300
790971
26401
89426
69028
238475
724681
899955
51241
783421
350449
556689
437793
16592
733335
505096
92949
810270
80790
448405
164891
214968
816507
567770
811316
380958
947469
389028
448999
893079
422424
452185
57864
652970
923975
884993
96623
229077
654855
468846
480209
981472
536464
71250
245961
12310
950092
595362
999296
674062
743229
190352
888349
624217
143108
574762
600932
332437
196739
516288
537340
77717
773391
510889
552088
374132
269298
720107
512585
108831
683061
467404
597436
450543
640077
980190
188588
921152
692474
5937
356616
582235
240442
159269
257556
389501
246933
119435
369766
977091
307558
203548
897001
718414
664462
200248
964856
121323
227605
713468
777615
367321
825963
606470
469601
80976
224861
424935
369004
395501
193123
255226
36136
740877
109981
39848
193572
134706
212234
865672
341599
594551
837191
123828
536225
43572
289602
103926
923722
819259
752932
854433
557947
305252
128938
345280
181181
998673
246936
887163
774666
76660
576003
516419
454088
590735
224951
77861
680574
42986
517369
328094
712981
253563
897548
79483
864365
618599
290642
470284
465883
942553
998297
261925
996787
374355
903066
87839
80949
388124
33267
447210
50609
142131
366728
216142
90747
76440
945653
698559
68468
291022
122806
909001
233096
34202
479130
911828
265504
106328
517448
764430
546149
704090
808505
218206
951791
85479
694327
822361
441294
524289
303846
405439
830992
508573
423500
646030
443138
42035
17000
208791
679996
989872
23836
159086
216321
140393
441499
665144
878643
649821
831087
548306
70421
334771
331229
424235
524365
539971
89506
437426
93422
556015
471541
808939
507637
551723
934978
250555
984492
299737
192915
896916
581216
643009
684806
871431
49974
3450
342452
323417
38578
432003
402232
593649
216120
526596
406990
857594
28376
247743
69453
949829
46423
76032
479740
939032
874448
295649
668166
406865
76476
614639
332741
422897
61420
882809
933543
140116
228838
554708
859820
901618
531001
838981
79586
92800
798863
419034
8508
246405
612550
609069
776362
93312
636056
370805
761825
809038
848794
213762
608718
640514
10427
967342
433495
619003
653369
852769
269068
944992
535092
351746
72654
580868
241627
279559
545138
666648
900387
976780
256862
807264
38223
363982
881017
128922
849307
564174
430168
458795
33186
191786
500096
142268
420166
371773
631794
41522
653730
842425
154293
428006
340732
60735
633496
7528
546676
484912
904025
979690
718258
989752
850191
846085
274784
652268
323081
557370
791075
801359
799330
17088
462268
828668
442680
52341
420736
211631
330238
786415
371339
280894
759322
397960
885627
408646
347969
471993
746695
380389
716752
452417
207186
493192
527154
582412
220662
794150
214571
953543
981010
383583
433249
62537
143906
969026
627142
260801
360488
833716
696259
529063
518178
113037
281676
829569
608955
125381
687840
757681
657358
317601
184460
223675
828893
433597
835904
846392
440209
291565
227606
316478
121794
144775
694926
511593
675812
401033
21055
562540
771847
644019
431859
155967
769108
776983
916158
354424
835605
932821
1782
696983
132405
193393
764503
925198
386229
142704
216727
465620
178758
141462
906961
288750
161253
531056
332490
130566
281407
487435
137575
712514
247071
149684
955966
285972
183526
932012
541027
922492
441570
612699
695071
160304
553318
588144
758033
133604
414884
905783
2485
432420
589649
729947
379129
292606
936244
529715
431026
74777
369800
409039
876335
486674
832824
190547
71750
861681
821608
293836
570001
494959
902242
283068
973356
606268
6356
788287
555648
617608
737297
881467
628142
436892
755540
750186
637475
82014
654039
42585
793147
519181
429359
819637
772764
545175
610699
1638
427836
321611
140129
450790
66603
572508
739136
30351
689361
983138
758298
206044
865675
821327
749580
320292
26865
580952
287400
558297
548106
256731
938335
364376
724536
674254
350518
755378
36508
787804
736397
221104
692100
545599
85648
633850
567207
682322
433910
234159
678485
293235
21723
24392
735608
709555
863309
287928
59404
385342
251903
542951
978279
761920
202333
591034
741393
862146
530344
211780
619551
944437
882167
958409
233496
320870
13906
250119
745435
972219
217472
919924
657826
38676
104705
16989
224510
523862
784735
190782
578451
588715
558624
637383
552922
65721
270606
987102
895999
633359
313188
855137
100377
735
710423
189441
829304
694891
170755
638133
490996
631406
247156
53916
264725
567381
661890
75451
127317
332086
329025
816663
817290
454681
716029
399682
742714
993267
150570
489916
266858
287327
465485
539825
76407
231742
533066
259467
116209
710230
551643
112790
913730
755181
196430
511798
503064
317836
380368
524785
797268
39390
642557
815393
204706
101154
236912
618473
287251
199737
997851
917470
61507
181375
555288
943981
781692
47634
348097
743226
163932
466353
872367
602363
458317
856358
29735
103473
690395
728391
827099
739303
932989
146050
309598
406685
515323
938819
992703
26249
276163
318854
442023
932468
111105
684410
361092
692439
287749
626879
690829
336005
310247
466467
438960
559419
701331
152662
898222
344816
896676
453203
207094
769663
639031
30737
484780
215089
852974
519365
995132
387451
87698
176370
612464
979804
183196
729944
569338
126362
115244
532553
331145
258724
699684
14626
921653
410928
376489
404375
371418
831929
122041
260091
758824
838326
757436
68286
679497
524836
601367
685177
431974
512666
35200
86008
180940
176583
111047
108554
123269
75366
571269
760365
522411
169981
544405
341174
873294
536824
159860
711603
408701
815333
66514
98779
866945
938743
912041
296785
24970
618898
89516
425364
13597
594726
592970
362806
358233
105365
143606
985599
617194
565145
345945
177930
551974
669775
796029
433145
196076
61630
465132
71408
891398
709226
641143
457173
704276
251027
59099
589557
640394
889601
414988
206357
675091
437994
674295
390262
272020
965477
165503
715748
36286
591271
2911
302424
131702
165909
285026
856496
859392
829061
631356
39361
672723
231494
212734
853836
62871
244970
258014
510947
125424
452597
614848
168338
324296
153964
739253
116981
135086
654783
640821
882899
231163
980713
976127
375551
627826
644943
697311
909309
40870
354543
582806
951528
289302
105383
190503
274164
887370
953291
463737
140286
923420
484943
589902
513908
90029
867454
101618
403037
156428
712079
765051
440785
616509
258246
405384
551291
364886
517239
64874
891364
222458
561581
136447
566060
254559
903731
282084
547331
198344
902510
774186
683296
564652
669020
259524
400848
101720
290967
271588
613352
926488
504305
778300
281482
45584
984430
884104
879698
219654
644046
876583
726488
740015
43649
495568
556811
966469
58954
240598
976151
791610
558520
93293
185243
987977
486610
820138
584602
499396
367317
759192
28491
161850
302618
267909
162838
211365
852276
835021
323092
675705
752873
15810
740694
531680
638445
122403
235243
597532
52860
125903
938078
748313
566775
733984
590915
966458
422017
371778
783822
116783
958463
144301
403371
36021
685627
595443
404513
493136
86783
986098
532948
99671
567131
213620
747578
703704
170669
312156
661044
386244
917741
607230
496057
938455
598008
10289
991993
689038
838227
591632
922608
169444
361157
705099
63753
835832
966316
155273
858053
112555
138694
219670
674392
936406
771346
832162
381962
129735
128312
223937
635709
116692
292325
560740
589653
99131
987590
432935
865759
777714
401902
80537
241300
236728
148358
94576
233315
547397
214883
935705
153052
958245
662135
338701
871543
339175
790326
491341
923749
49505
667832
641288
530927
372769
400522
125875
745475
834621
248564
41825
416094
395802
275514
112948
403509
864133
862182
14899
767805
648595
833492
675923
92694
939848
578942
254939
368897
