1326
26629990
74520301
68239190
46711301
24428746
76065738
10375648
3427333
58975121
4820702
82962344
56912174
53491391
30333894
31698313
5197620
2462230
20154035
36959071
97821013
72552108
41500804
79214607
60554208
41107890
22827397
16981635
10302894
53027977
46602809
16137018
25877591
44739146
27737578
83049383
63559865
82730994
47180791
60249853
46122973
29755333
88269685
99262711
47821876
68152369
19724636
21321641
11034937
21897956
94398950
9026894
38308958
43899461
22741545
5748535
73496614
39517530
33630570
56195591
2621439
3478838
47944802
27690018
95880689
44341370
39684669
57410645
65806592
19845913
89659131
49705389
16663462
41940524
67597734
67502421
23679155
26033097
65684521
54257916
68741709
41471097
2056350
87264869
51747023
21320869
63595878
31847658
3377172
14219249
51448777
57466216
86572405
5225077
1671535
84008955
85555210
93469469
34171932
32917779
72643563
5409893
8403611
7486276
37641484
32682527
64597
12463689
31939449
86059783
16329791
28397409
52254456
10579740
59425534
76658647
37445005
67980597
49545864
25656949
52437098
96077528
91507754
35917169
30801526
37713407
9296342
60815108
99265430
58735681
34914517
48430110
4157472
55033739
56873376
31433220
98172618
72579079
36503076
4290452
32546908
93131094
53591851
51119427
63210293
27470518
80594249
45739061
60715555
58180846
20468465
10335421
83645765
47556722
72720305
5456813
69914937
75502337
28444758
15244661
5085065
59906129
34102963
38252149
49715642
71859938
2728403
62899525
7227025
29252258
41222355
64064848
52837406
27841474
41676215
84769791
20360746
97601721
43420351
99966723
4004756
825893
38261866
43611003
41229104
27644825
32087569
16463655
65894701
32251641
81568671
22166324
81857616
64440126
52521011
74234718
66009801
79821873
55593883
66545371
568661
718938
51253564
51556161
34964223
49510305
30963643
83189995
26420479
32000068
82482979
57630431
22577441
23713897
74469146
43636821
74788822
2274576
1378383
25159311
94976762
28940585
36208681
49398204
83461984
68955218
15343188
18102777
9726607
70355060
99048509
77274191
59200318
65692134
57997613
8271172
96522372
52530897
4752754
44930786
20002185
31728356
65470992
92324865
4314022
95830837
5751448
2292344
30608700
27933238
37730092
48156271
19738035
29345385
3243927
45594174
35261390
87172114
20597178
59183459
8307712
59189765
51526232
39382979
27785928
33730612
96039533
3966650
82334963
88502834
16586128
92156168
83164104
21265640
87024995
45205664
39940104
66824943
73086504
69957304
58433789
44780128
93686399
11955880
86111627
23115185
14311318
32676007
5408672
94661863
55745304
92130858
14556965
27044421
77308218
2506033
56350843
95991587
78950041
35443696
51226448
54295151
7240287
84775068
96686115
9888935
55171050
65228936
82113026
47174097
90568557
62818471
16587994
14663374
84876499
99406752
68963392
59349941
27854297
13144691
83474568
1213788
53092493
93901112
72182739
44176345
90674403
71467771
8520473
31371414
77398208
44271140
53405365
84063785
98439856
12868018
39152698
14454301
55447455
25379217
87584525
74256596
79992477
86041588
37702945
14080524
31554423
24085944
46225666
44214434
53030561
35794292
89630454
79682743
90033478
91094918
69996807
60737078
72513749
17772311
8989058
81938883
40028215
25192653
28003857
51908059
22660562
14114693
20910801
10368957
99288759
13129890
12809626
48378230
99062705
76718136
18936659
81245902
6730925
75858451
5927175
91068306
97448173
910667
16981145
5324246
28861588
22353534
5674992
76347056
38561833
74486660
34461572
45773681
86231230
88295300
63919622
93869148
30002352
3241699
90327151
39065583
57226285
32771414
46875909
78345216
90102597
77623701
60738988
29234069
53772296
40606830
37995865
93013529
60072295
66619654
85545269
29618228
25469425
12131251
59150792
51973373
99627273
6309224
98653881
30021292
17370652
85363639
99246910
13917885
96113386
63986969
48072611
59051787
36738136
12161993
33077265
52821454
13067263
60647616
50031741
52998472
93878036
5856071
46696363
35901440
93922799
34737449
22067356
52067403
33721660
39167600
57643934
86766973
13571782
89803697
24714470
15851189
49212432
24015381
66415379
6281217
76506884
55821386
68621213
59164993
35413263
13599812
13954087
95391671
5025143
24869640
9474182
68914223
81662316
73762439
9008797
44694211
45155004
71911507
66277641
28100816
60813474
30035867
4951354
28396178
61663907
17761680
10574984
24911381
21211482
35101442
88871107
22573491
16625179
23766423
16074447
55602345
20388333
53415000
43082773
70735832
83502156
14380672
75786764
53764391
68445430
11294628
14194205
37990664
69241156
69566212
45474018
89635746
12596469
35370989
64894
69517848
34103184
49216074
56538843
58735728
64573606
12444704
14517204
98576513
68026832
33264408
29261439
95918335
91807402
5683790
39406964
58674143
10462022
14924249
80760690
12786344
37708778
55735786
96032971
58421792
68420573
79979753
73293416
60125905
72563216
90176540
38860198
17361528
50267010
43031168
50497968
25897540
25489729
65614870
46267816
49247260
36395343
73123593
41260668
64033883
73947683
48447673
86908904
99922247
24185673
7999238
32855283
77939666
38724108
22649284
17311740
48245625
7547604
93222608
15236011
93604419
68392085
10992432
88642705
78586738
24432868
42621700
39837439
54794958
11384624
69874774
20219628
44227200
73723628
51940327
98055602
43518025
15739154
33258234
46350747
41294160
9795036
70778454
41055973
7176108
8988991
86297551
20635589
98659753
19820585
18362832
81134620
71918132
58716311
59479161
82188398
38829254
76110225
34989705
76555010
32999731
10266759
30043491
48762462
48971765
44117242
69301853
82869067
21272503
16557210
97212627
38258325
77172525
62363012
46014107
71263673
39777135
42184856
12063712
27485441
34119041
18698821
83127843
67182748
6000645
93414085
65153465
6683539
13471584
98713880
26991903
48515574
22374575
78805281
68455225
28177606
32146966
90759474
63148845
56629331
62070524
5229312
2697769
73112743
42900298
58210452
83999537
1670080
53777071
36678157
29804040
39324687
77959752
59067615
34046552
58868093
75740619
4058952
35224834
37077574
48374156
40026813
14859663
5844288
39630171
17420809
53188578
44903417
22224511
26877728
74014200
22515940
4700736
3972895
82355667
22901284
38123866
11086924
52174941
23709826
68684681
16898191
10551754
72847935
67367730
59449529
39942371
44805657
22837472
59495080
86492461
57605617
67222766
31282306
52789474
74764753
92561857
79048830
69705231
49206126
2929387
68176611
27453737
99495905
49279358
5313531
99627216
63833947
30900983
62478289
90269461
42345140
12110222
92654406
57457492
50437888
64260194
15935236
60318306
45371956
61762902
92036260
58811807
81111997
57849217
92882651
2662936
43517518
68208461
6434315
42226900
57463150
20229883
83278713
8419976
13054452
33995564
40517799
82467261
82602590
98891988
42702803
70287769
57448740
33136609
47095436
48745796
49670233
39019834
19705655
90637236
11355358
61064560
11676231
3078440
70465131
91473877
18700497
9017566
89365813
25498009
85603585
99216583
50106036
94858506
32141792
82516682
32868291
97741543
88374379
67959406
9292645
5555174
33411612
33332971
33080680
70141726
14546361
38610814
68922957
862115
98885944
99138597
35720543
72817512
85992288
48685005
57264501
47499044
70062550
60028457
2434944
9018647
56611789
6285869
59116362
64052509
32655192
82165308
75579454
93231699
68831492
16315641
99782209
76146492
10995269
68239245
63472849
58593943
82375551
76678545
29697839
91336572
12579769
29369161
87871775
79445952
28942385
24402195
56776978
15989154
38129994
32751947
18091074
2366878
10085194
61920197
79638256
96521196
30290919
64456770
7227179
16350299
22480286
12428818
3613906
34411017
75635334
27066582
22654918
83448798
53307431
82278790
91869194
16241012
36986832
81472259
11003933
29283327
11501068
97844393
19539381
99700627
21432843
79224575
45829707
18953230
59063450
11404517
1042937
89207469
47585399
27031801
15184164
51416376
32762404
65510406
53968663
77037388
73740420
6599247
51102147
53252441
82425981
56346786
92508867
94967063
76988077
83456583
97883892
66088108
87466961
31223650
30253541
62898482
68400786
875384
58942055
70863692
2336978
38822187
25701395
87361628
97536842
3509959
8956992
40442028
92616916
94442964
85273345
74544700
46405729
18259147
57712864
96127019
54103242
77131327
63293421
7816151
65411333
47803238
88760597
34562779
33992850
90977478
87694664
71346726
47421331
94931300
20770113
42779528
16001590
60691745
84744198
48763899
99919185
4040944
84708054
5120069
86717740
98089997
65692463
36256699
41486531
4620186
97560112
93411233
57536743
96861727
22614704
78720248
47745849
3719980
4177153
96348685
67987102
51749600
17675093
58001545
29852561
85686304
67700240
63217959
13770922
32704431
83126181
9048045
95885481
79074432
81451994
90355216
48872727
15741486
37226847
6793739
50621101
25352964
87912948
44950148
80552950
40141691
75206819
19687479
13257353
54499491
29695740
70443061
95118285
49774894
63520368
30893427
63704007
99164634
4741680
56705788
11660099
99353311
55238786
97234543
87757216
11495658
32439371
80919103
35789770
45049645
49449139
67056405
84627895
32183499
74079642
96762356
51863777
89089741
11394298
59919685
39180011
33334422
80409790
18494773
97797044
17711178
84207533
61610575
17381814
28801065
47380355
12060650
21455434
63437571
66843281
81824241
62876474
22244146
38534206
15459549
5859326
91969976
85730166
6680302
27089328
88448291
63329010
50958590
42113458
31885290
80244592
88196783
57825559
32807810
56381313
69862247
6331490
70809509
2304541
71939582
73683616
92806438
95523418
38995438
18928363
10296902
68078125
62782026
14188883
75294403
6907805
74774636
60713919
83591017
13323240
58720487
44160522
58197389
28547803
29651210
29065789
47631172
49585279
77372683
61601033
58307279
38582335
63463046
9315949
78226225
6875565
55757482
613990
88449686
90143849
39723516
18922002
38122631
72157027
52806763
16138229
62330465
11172215
66721510
85830365
30842170
58702617
81531109
93974393
41826452
46383989
73539090
83566113
33851469
11722483
78053702
90141655
48281536
32353248
20110216
33964718
14978043
42581055
59701905
68990341
40052804
11938288
50736973
9991488
19867532
72324817
642781
7418570
6061555
44057643
72339445
55310261
77994378
60668347
2902400
43174591
40300229
40680407
60605085
51248928
53961429
44524326
88428763
68352535
92944156
86367462
59600945
88475736
76903877
53950287
56146722
65181297
57203433
3869604
7304875
64181742
33045773
66880034
5622460
47062059
69022632
60399002
25054826
23541468
37283734
14804804
64293734
3532606
77534865
38357994
26838499
92009392
59969530
4580780
76299095
69920675
16210595
13377585
51019157
41529771
98766477
75641430
10876915
90599809
2399345
9371198
87949538
4394344
60386442
28798899
81136064
18279193
27281641
55817962
27920856
52777234
66122625
48898858
87566624
14243823
69093855
49409133
29252234
87496239
82490235
60903912
82943693
75905515
60865107
88408223
321989
5423652
34119522
83390819
53489527
14873108
28364603
30494281
14190555
73188849
88919485
21104815
60391742
62791247
12551147
79745536
86903935
47104299
39188643
79555519
27211412
54770950
24608870
42595202
96561938
47758053
82340590
4218233
70784777
83635285
19380653
1491345
17805970
79321126
37047778
15637081
58260900
68293898
31307575
6453192
80216169
43051610
95841919
31598777
38376091
22304723
62216396
81050942
10721145
40546989
8180440
85525300
71124783
95614909
15972498
61714863
85189789
11782609
1289764
14192189
92167562
92250067
96101921
52038558
14456417
45878349
49479851
89157558
70706305
3084322
61452987
94924506
56561062
41865093
27029554
24208652
7510280
92765835
2730156
34738877
85121483
84205245
67397322
3059101
49958382
44549806
80110545
47937442
25898636
29186815
67482618
6753585
94852451
53152293
62803573
37809160
2112115
32574260
46649127
10040641
15167312
19871282
14794546
65928620
15501565
5406150
5511403
47964156
66601973
82088367
