1368
888
937
623
346
661
610
686
51
363
892
299
124
584
634
93
555
724
37
674
18
389
33
145
591
432
230
987
617
165
963
386
914
21
173
364
270
498
48
539
177
688
794
659
630
242
607
127
649
280
636
824
239
576
282
39
251
301
138
967
757
366
652
566
786
871
119
784
986
533
439
95
807
398
167
571
457
997
292
633
208
609
333
15
847
937
430
771
638
33
826
251
457
557
543
525
418
137
679
449
933
97
738
707
940
13
552
113
924
330
720
308
232
986
893
529
805
12
827
697
995
760
66
530
445
449
153
882
497
851
271
189
515
642
927
901
785
204
68
607
365
956
279
534
38
998
639
31
230
638
958
472
471
580
48
105
428
27
756
189
676
895
1
74
732
16
700
596
112
256
371
318
750
512
998
411
171
273
885
114
100
707
947
611
221
469
683
421
811
925
80
788
573
169
311
448
719
104
793
652
705
943
252
925
910
972
370
860
494
29
276
880
860
443
158
302
32
760
373
703
918
702
77
230
96
676
940
131
836
850
0
455
782
851
850
888
792
718
80
573
529
320
925
572
704
207
352
351
997
745
91
263
482
94
424
571
163
342
739
926
570
653
236
59
212
654
64
80
454
843
968
631
639
989
143
980
119
908
251
552
746
967
416
751
828
453
905
424
975
654
245
210
160
891
143
728
923
263
940
514
277
950
569
797
259
259
939
729
680
438
875
830
871
622
803
626
493
421
411
173
725
873
506
455
43
183
133
625
937
746
33
859
544
592
459
986
260
636
410
456
577
368
101
576
200
123
176
464
135
161
605
263
753
744
900
507
895
633
694
978
272
159
409
795
775
158
668
588
406
35
10
510
49
634
750
75
277
144
158
891
260
651
61
579
363
809
663
159
55
415
828
644
849
635
242
66
757
297
793
990
933
628
73
310
68
583
437
194
714
14
132
795
435
873
251
594
757
215
594
158
137
796
253
504
402
700
310
116
702
545
496
548
397
800
597
125
402
826
226
901
601
190
777
69
713
277
857
325
771
647
199
560
230
783
831
901
363
597
750
120
539
639
550
393
452
212
111
414
228
547
848
536
935
596
862
355
208
512
464
252
933
581
723
760
119
246
40
347
131
24
258
531
727
134
343
918
774
903
481
285
4
795
260
20
752
291
937
60
749
617
118
924
830
667
189
422
887
434
588
971
918
631
806
528
461
148
323
815
751
701
304
246
908
698
483
96
472
986
80
920
28
213
803
632
750
539
929
92
580
937
967
42
902
404
716
778
309
649
326
495
378
848
260
70
713
577
307
114
81
180
524
674
763
580
12
627
553
865
30
74
787
940
432
791
687
26
984
425
980
574
190
798
19
957
59
654
535
292
839
106
796
516
288
257
715
488
60
949
571
356
619
119
95
562
102
167
141
478
73
62
870
106
136
47
923
932
633
160
718
145
697
756
240
189
534
543
754
254
738
762
57
336
524
653
404
677
893
838
146
831
830
840
337
774
922
557
361
66
571
267
605
549
547
268
146
868
10
153
852
725
772
614
232
925
362
631
338
889
564
425
13
689
193
168
838
779
980
966
955
349
207
347
265
349
145
981
912
614
801
411
411
264
272
930
753
313
150
731
158
896
300
930
327
401
926
571
69
680
881
208
408
640
571
584
279
546
22
76
352
913
598
442
360
348
344
545
912
926
623
111
287
536
29
979
513
552
76
271
529
768
799
601
6
440
669
365
945
967
729
39
663
151
203
976
736
237
19
867
805
277
624
503
614
786
888
831
986
537
257
292
940
132
67
940
473
378
461
788
229
546
913
429
799
812
694
252
361
457
972
123
430
246
791
896
52
970
885
392
313
776
140
744
171
221
702
708
554
323
648
334
823
845
266
652
356
454
701
816
124
226
254
43
104
584
125
339
287
287
784
872
232
871
749
261
718
447
375
254
255
23
865
502
933
439
519
4
356
950
945
204
228
911
217
9
886
0
699
919
642
804
800
9
34
540
679
570
973
372
547
557
47
768
753
178
120
658
259
576
185
24
917
783
879
71
181
472
546
724
789
135
214
399
801
9
697
618
631
213
496
519
98
837
579
358
315
492
441
667
210
884
46
42
982
922
541
412
574
108
507
55
48
508
343
37
496
935
238
905
375
149
675
963
873
402
394
934
849
939
994
460
846
760
215
905
541
39
693
406
260
270
250
125
267
928
764
254
359
605
310
396
911
688
852
801
943
133
526
152
151
937
761
461
9
868
863
639
51
773
382
451
897
593
1000
76
654
526
718
459
104
10
762
161
286
629
333
141
643
572
512
502
997
573
677
271
251
96
879
251
161
794
754
6
513
736
369
57
433
187
445
778
791
94
286
646
701
318
641
269
476
632
751
251
130
914
14
918
134
671
87
542
422
131
639
281
588
644
999
231
718
993
422
742
252
992
722
207
530
649
294
922
218
437
106
582
178
220
869
64
740
359
720
974
77
429
745
639
117
556
208
121
344
232
587
392
331
458
367
896
757
167
34
417
571
193
716
591
388
879
386
431
378
221
41
299
594
902
496
460
857
100
355
193
668
251
320
164
301
626
5
769
512
323
783
930
545
666
687
853
684
613
560
666
295
358
223
834
902
544
328
702
730
684
780
247
818
828
983
638
451
93
254
199
855
126
71
836
15
966
793
829
746
255
863
792
862
7
117
489
983
53
446
886
210
74
315
162
250
220
659
665
57
994
798
608
208
151
864
237
34
638
992
72
348
430
352
761
506
904
815
824
527
65
634
272
381
727
261
204
664
237
795
916
43
534
460
467
449
718
216
593
222
861
280
468
809
398
349
180
72
105
569
615
101
611
589
764
33
908
580
471
269
606
657
327
216
121
463
133
814
373
507
189
361
435
826
239
583
276
682
848
446
816
94
599
535
940
228
849
725
236
33
58
417
927
262
714
653
541
124
328
182
447
854
208
357
645
971
763
914
524
14
26
257
486
89
220
449
153
544
811
32
211
520
597
149
815
716
996
840
288
800
391
673
549
653
744
757
715
219
674
847
753
274
560
244
160
562
369
924
674
731
194
131
85
688
592
432
757
990
955
890
422
538
850
62
689
523
129
557
927
211
20
629
53
424
955
524
76
980
