1237
9624830
4844061
9979620
1428098
6978566
1947888
7341480
3866839
5703672
7066894
1963438
2621224
7831645
9021155
7136658
3719633
5227077
5165833
7301171
275615
4286761
8027014
378018
9032568
8016305
186111
1662661
7034256
1900282
1247236
6197417
1560136
5368216
8039838
9355545
2126206
8409645
9684217
3131124
6602315
2526689
6184662
5968775
2576478
485888
284349
2447193
3119423
5477135
6503618
8808813
3861184
439991
6739780
5904392
2683634
3891598
1397116
1301212
6564897
6241679
3359031
8075319
5051517
8600174
6119227
8178490
9432670
3408250
9376720
3890153
7055082
828028
7493707
860663
9915353
9863283
2965494
7801099
49960
821213
7285942
8527272
167463
6579912
5017477
4974373
4142306
1341813
3722185
3428617
5375200
7768208
5365305
9350211
7143869
515527
2367092
5828621
946553
9243167
5060490
4574246
6839596
4966339
7040887
9495247
9669303
8026539
3262855
6799443
3440044
6384994
410065
9793788
3777122
7502677
429330
6631837
1440337
9209773
1811889
7404055
4129646
6457277
4592451
4725000
7257757
4145991
6400994
9701778
9280567
3654818
5777878
1531740
7258977
4799234
6695002
5279300
3263284
4527079
7013518
7449108
861200
4030272
6607061
9965450
1799026
5464210
8312933
1054842
7416990
1239393
9280459
6460279
5005223
4501154
8098958
4835250
8628976
8031209
7245534
9891293
6472682
354838
7966311
3968813
4281014
6994378
7693407
3515498
5748540
8269214
217330
6810269
3142800
910503
1933718
6502588
3517126
5067661
9593053
568035
7722440
8111354
9071274
3058019
9892417
5933989
7032136
6340564
417259
4592670
8148358
2399689
166784
2884994
5522264
1865127
5288750
5902054
5182238
4889271
3706289
3811995
5748232
8768992
3742860
3294819
7122619
1292021
8440354
2011816
171283
9501847
7555028
5874102
1592233
2116739
2666604
3362260
7522192
3049738
6304497
2793165
3706057
5008981
1016680
8599782
9964775
129815
519783
841254
3426458
6343320
3166061
2455940
3739948
1223648
4719239
2451020
9542192
8012403
7557956
7133489
6899145
7642575
7101463
5329169
646695
1567287
8106690
536341
4052949
9271682
8907091
9955680
9677484
9438577
2472160
5265390
5516909
7826262
2080628
1143354
6694426
4875174
8397336
6504804
8275189
3170794
7153794
7205293
6864519
8462039
9722933
388176
4645177
7715286
7854722
1681028
6557829
7397102
2496552
6321284
5600980
473008
1011433
4632228
7898705
137470
2580164
418399
9379151
1939485
66782
9257248
9865667
6706065
4208633
5520469
1769579
3437899
4743159
9191740
3146045
3293217
6519787
5042616
2054567
2170968
9760565
1525021
9187606
1091906
7593840
7765562
4089982
6747917
3581229
3411109
8415357
4752289
1893900
9477708
1267415
6492593
687615
1579882
7685725
6153890
2644082
1105380
2665944
2672652
6285382
4447538
6087271
3308643
6524062
1040367
7141375
1419648
7344085
1874865
197836
3862624
4908915
5503522
9467717
4078603
1405404
1014409
8976492
7180141
905941
2289393
1964641
8259317
6456169
5110541
4209514
5229875
4330138
2573583
2912470
7839546
3219766
3960794
2106906
7759435
4801375
1437527
6107755
9729336
9923294
9647287
961697
3118769
7291601
2232192
2038457
5835718
1137210
7979276
7210214
2306025
5755215
5866232
9806145
8282798
5348070
6164562
276191
180506
7194844
451936
9726368
623989
8074428
7181316
9514085
6242521
8695363
9248548
3291819
2687329
5405707
6035627
8805227
288880
7390572
5759925
1202132
452259
2052620
9697338
7060740
1695353
715605
8611276
4662061
2263691
9859599
7409817
4307273
7560375
2923165
1838617
526486
7106421
7182921
7237259
288244
7881024
9338866
3966896
6138413
4072456
4404887
150006
8419509
2368739
8891605
9652598
4020565
3868754
669957
5747688
6473702
1614871
6587927
3170457
8935438
1454378
2000056
407102
2204421
3027724
7658354
1506986
1462067
5975907
4064456
8953990
5905923
5716723
1330675
3099327
9330880
7721476
6890085
4652232
7819595
527950
1368278
9638421
6403627
3823024
1287578
1857257
5814278
148031
4965980
4577681
3622885
1811801
2808011
545856
6692056
5405582
5260608
4670895
3719420
9221808
2398610
9507553
7152141
2297626
5732467
3712395
1431874
284160
9973787
46405
8532534
8371881
877185
5780925
6898450
6204743
8603602
3239349
6361270
8179954
4808423
6453947
6239746
5861642
9556347
173280
6825326
1734829
4817041
1715614
4686488
5686270
92091
6639678
3325386
4035629
7732049
5412512
9733600
9617811
1931945
4391100
9541466
8008747
6903509
783155
1714429
72727
7090171
9644424
234330
1761054
8558680
2533678
9121409
4882580
848885
9308200
2051030
6328629
6066856
192606
507099
3194604
269503
7068595
4077404
4659610
1016858
8500872
2886660
4305141
5768540
509468
8479097
7868246
2705336
8886160
2311078
5696858
5092240
407312
5350763
5237858
2066270
5639702
4889067
7164294
8245289
967123
8876051
6499474
9718677
3235722
6988477
4998340
4984187
2644982
9512544
8357436
6106117
6026021
568426
8075693
5344072
3081390
6817738
9912398
2673623
4172899
4058325
7437640
762840
6925650
8868683
5872914
9880269
1024568
1965324
5748383
7742736
7773656
1791857
7789059
5920809
2274648
3144644
632236
4859104
5704838
9436930
3608181
9797817
8317600
2320197
8674414
7307139
2711207
9295806
1647830
7120402
7418307
9874286
6665984
3294936
2619524
5557849
860419
5651665
949278
563365
2964318
989908
3893345
8638032
8843213
2526737
8609688
5836774
8119658
2231444
9320038
7928068
451792
3049346
5977458
2489497
7767486
4375763
9666388
184644
3952901
5557156
8628798
7963083
1500858
1058606
3312246
374475
4493086
5113428
6449504
4923317
7704257
2194672
9213837
1702348
5496270
7848402
5606688
7893989
2426133
8390344
8433500
3582981
404696
5554169
2426838
1048021
9419900
3968016
2843936
829163
3787920
6996436
1467080
1255278
7519671
1574350
2861554
3952340
4087252
8269185
1525937
3154177
2039117
9395206
8898162
4335006
8750351
9639226
6413370
3236919
8165669
3043145
3855498
6526284
2087186
6161244
6467250
7904579
3421527
7122419
5981305
4481632
1919883
8895966
695234
1673112
7340423
3504123
9987322
2787345
4614490
3658215
7197128
428052
323136
9931791
3235341
3702092
7572992
5508259
2804276
6853626
6803750
9525793
6938193
5912738
6561831
9188037
4545740
8469856
8472321
2389275
4091596
1097064
9887467
6877771
953014
5148853
680223
4896287
7412852
8192153
6464115
7648110
3088562
7184675
3471796
3243635
7039731
1351798
4060071
4642260
1699631
7516308
9719343
9774567
2576084
7311346
7731877
9235834
4090078
6823544
5288959
6055421
9925571
1996130
4781892
2320388
9780414
3153136
5780858
5613089
7618014
3129537
9239683
945938
209863
6438368
6698212
3467993
8582286
117109
6290438
4524542
6140222
2314609
8354369
8623352
55702
7019839
143848
4792809
4959541
6363526
4934403
2193369
373017
4168824
1519835
4921481
6532664
1394627
9685550
8193802
2326377
7976657
4818509
1831145
5485001
2450672
9058032
6456966
5773352
6461470
9105269
3083014
8078097
8594395
8883324
1680779
1288401
9350554
705312
3075312
6447123
3922279
8629548
1050120
9809258
6928036
8341241
6486804
3408487
7494094
8425334
3225570
4163245
204652
4725168
6359057
2579104
4426672
2137496
866436
1555332
8458675
5965581
3527684
9761097
4541285
3070645
2474769
6959584
3630863
3021749
6297706
5812561
5154524
1597273
5911227
9911952
9348869
743508
9983467
4414351
3050804
2739849
7566854
2535412
9916115
1007029
9894883
7045211
8209902
9588028
7731313
7776260
7498623
6675952
2387402
1488664
2749627
1776196
6663765
6740383
3984918
6124978
2609593
3956387
65597
9123535
4455779
1204510
7505111
5312904
4385767
1644985
1144623
1320189
5051479
5869542
4122074
2137640
2746038
9048815
6059466
3856398
6693738
6039792
1214290
2271040
28135
7896195
6600791
46797
9271436
2142468
4212160
2852515
7394087
4763038
9594283
6531019
9720879
8157863
4802647
4969892
9594169
3661139
795334
9513530
3338876
4770998
4345824
743200
8222442
1992208
1519774
5097913
7570941
6787721
1872807
5147972
701413
5458950
8279266
7846589
3171951
7377314
1588510
4588676
5797453
4534685
3522646
5649205
8769024
9069494
1755015
5176286
4966597
6533797
8918376
2148574
2961719
6925310
430423
5678145
3233237
2759416
3127515
4025242
9833866
3079691
3150184
4523081
9329935
2395481
8721906
3946981
2282780
297193
5952671
6238692
4938172
4347778
1020665
8413654
9488223
3246962
472743
3457250
2647543
4940037
1203627
3599478
8891023
1732745
7053038
3113110
276336
7783232
6594983
2671721
5754403
9717367
6322068
7657064
6085603
6880160
2806543
8437435
4792787
1422856
9647108
8639643
1819685
9162965
6828540
7320496
9402323
7059
962238
9378747
9242925
5452177
7369270
7060502
9461547
2006921
7962271
1315452
2201181
4316202
1878307
4234498
4104556
5226312
1902165
1242221
835853
2431105
1111546
3321140
6269985
4325409
236290
999241
4823905
3858176
8504224
2849600
4950626
5983595
1005185
2185428
3937843
7110952
5950278
165818
2207805
1508652
7187511
4606969
3652406
9711695
5121509
8258074
6722093
2373621
477981
6519456
4869007
8376953
3792642
7795884
373289
7021687
6440634
461378
9787018
4477536
9744736
9847093
8635978
625300
1777071
1351482
4074221
3910788
9400536
9872291
7667815
2989610
6103087
18953
2227785
4132748
8549200
9724079
161524
9257092
1261915
2347964
1587633
8940775
739526
4143752
1060338
6323019
6718212
3979626
7100350
843567
2684909
2221661
4637350
5395975
2813255
9312515
1981302
2019796
9355018
8593863
2932925
2958998
8402321
3477798
6505463
1614776
3129072
2218404
279246
3616702
2355823
9915594
2029569
3744860
500347
208007
1342573
3326601
5750840
7696812
6530716
7841143
6115610
5633402
603018
8244723
7288848
7306774
2830463
6617962
8335014
9176021
5708560
746644
6107845
5892816
205934
1117541
4649529
2546745
8442397
9115884
9442993
9066775
919148
2578560
2386320
9763867
7704448
2438739
4323487
849467
6222307
8144803
1681188
3653238
5404982
7900787
8302130
8922320
6940986
5046632
5928340
5914914
4372280
6060840
3738918
2479249
1013723
8552698
4877445
3779357
5584518
1383434
2728141
848395
2586169
3630995
2201271
4622806
6812290
8588606
588400
3593450
9673488
9327697
