1000
7079
4312
2657
8827
3459
8337
5560
1354
3831
9792
8447
3774
7
5076
7458
446
4130
727
821
9210
89
8381
7133
5605
3906
2911
6263
6197
5157
1156
5145
8293
4751
9876
8945
7519
4334
7304
6732
8837
6077
1815
5095
9381
3488
2052
6308
6608
3458
7492
9994
4894
2125
9442
2358
7172
8771
7400
1322
1204
7776
7772
9456
3566
4799
4901
2863
8595
899
9596
5003
1046
8072
9330
7817
5550
2882
8544
8266
805
9777
3897
8029
6459
5413
1063
8369
7857
8045
9511
3006
1383
4935
9459
3733
8831
310
3063
2241
9264
4130
8667
6194
2668
5039
7734
8401
3092
3648
9349
9419
8770
7348
8997
3370
5911
1968
5942
9420
5542
6374
9608
6942
2582
872
3838
4503
2118
7965
9416
1702
7191
3493
436
4900
4637
7412
8078
5948
435
4814
8037
4991
1416
3049
8931
6911
4241
8817
6848
1330
190
7916
8833
1192
6444
1900
4715
998
1220
9972
1281
2464
9543
5044
8031
3129
7292
5893
5167
7533
480
1959
755
45
4244
5981
1241
5817
9323
5547
2866
9035
6917
7630
3317
4648
7852
1440
3183
7296
6179
1767
6316
4840
7490
3423
3730
7499
3460
3364
7752
6779
5425
7976
6486
4175
1747
4383
461
4008
3266
4039
4037
3860
4357
9672
4542
5286
9573
9038
9982
9819
7590
1243
9728
2378
4438
2693
6356
8781
8848
7181
964
3572
9908
8625
8837
216
5543
8535
6181
2794
6990
6649
625
3392
2833
2323
9008
8980
5568
306
7698
4097
2607
1793
3796
4569
8393
1076
6123
7645
7792
2711
8644
850
4330
4403
8499
6496
1217
2529
3841
5925
6471
4463
319
4098
5487
3550
2410
701
8212
4317
4992
9235
2136
7811
1523
6791
9961
1013
2971
9589
867
4326
4159
4518
4268
5421
6206
9872
8654
7695
1101
3911
1797
659
9294
7714
2567
560
8076
3194
9257
5861
6619
2849
7100
187
8854
9121
6637
8928
4818
2409
887
4257
1402
9638
850
6917
6215
96
6953
4495
9944
8021
880
9732
883
6686
177
9559
333
6997
2886
881
3813
5437
133
3392
1712
4593
6272
9009
8383
6320
1201
856
5935
2885
5233
3830
8800
4102
4776
9168
675
6191
4973
6180
2875
7085
2023
6618
219
8132
5089
2109
3685
4080
6716
3454
1308
3342
1444
3207
4614
7895
5971
6410
8480
5982
388
3037
4732
3492
4635
3469
5930
5925
9378
159
1777
3581
4858
2705
1689
9684
5939
2808
9877
4941
7267
9255
6095
2036
2788
7370
2582
5564
8114
5904
5190
9201
7965
6173
3966
6983
8011
7831
4306
6755
1354
2742
5440
1786
8927
178
8236
2860
6610
5728
4890
9596
5424
1877
5505
7541
3078
7606
5519
3036
2666
7431
2359
2067
2034
2349
1375
6210
3801
6805
7721
4010
1727
9326
9343
7408
2494
916
8042
4060
7793
7627
2103
6451
4192
8532
5713
32
1071
8918
9333
2788
1188
1135
9594
3076
8326
4523
605
3850
1709
716
9782
8758
223
3654
2928
3064
2440
9682
5595
2798
8713
6840
7380
5886
896
3977
6273
7413
683
3463
5377
7961
8895
974
3336
6375
9718
5729
9245
3139
9176
4086
5233
5913
758
2070
9773
2821
4784
3658
8961
7994
6887
3783
9192
4883
9559
7036
6838
2784
4998
4905
245
8642
9159
3358
8914
9317
5733
3049
3616
4732
1059
965
5144
5526
7277
6451
211
8523
890
70
8441
7194
4625
9019
9810
7626
8204
4390
7253
8310
60
3262
2655
3526
2910
3390
2117
383
9873
5488
3366
8511
7224
8782
205
3735
7510
9698
290
1755
9265
2625
5894
2365
8072
7091
9831
993
3674
475
9723
2033
4823
4236
3917
5592
4575
3833
1395
8290
250
1556
2865
8647
4373
4128
2122
1803
4086
424
8283
4176
2342
6521
7276
5736
7386
8622
5455
6224
6417
5585
796
985
9800
6256
7349
54
7226
4750
3778
4006
9570
9865
3391
8607
920
3423
5931
907
4404
1315
8930
28
3996
7823
2716
4042
5237
8511
889
4990
9722
9441
4468
1671
3713
9073
1763
5336
6110
9649
3699
8141
5037
6866
4577
5959
4602
2754
6895
8187
1616
4361
5593
4558
9385
8435
644
7496
854
7174
1445
3149
4086
6755
5181
4154
6834
1549
3897
3427
7628
1093
2627
3654
1253
2744
2867
8240
8417
3784
6274
6471
1493
8771
2289
3128
1896
9532
5410
4025
987
674
750
5498
2050
2923
5746
5310
9534
6781
3536
2162
4685
2926
5356
2177
8342
8088
1794
4977
2592
6030
5651
662
2576
9819
8765
6475
9639
3285
7256
5440
1337
3438
5229
6577
125
8353
9324
6343
3291
8553
1973
7306
1795
5163
1554
3221
1648
7085
4038
1989
188
3130
5251
4127
3245
832
2321
7666
3797
1489
9321
5892
4048
2304
5736
8204
6569
9944
8717
1629
1981
5308
2751
9049
996
5839
744
5393
804
580
9585
4327
8985
5101
4763
5726
4448
4544
5072
7793
843
887
41
3241
3796
4568
3186
212
1105
1504
417
684
4119
2515
6008
2795
8167
554
1696
8600
3895
4534
3522
6257
4575
2879
4774
3012
581
9318
108
4257
9636
3932
2267
4040
7468
1515
5593
4177
3069
7004
568
4521
3659
610
9629
8656
4119
4577
9234
2295
1696
538
4394
9188
5373
3255
1649
6894
6550
2245
1586
8661
2274
673
4814
504
5994
3157
3231
2781
708
9569
5905
4112
3593
2158
9701
9095
8604
6197
2672
4982
7381
4598
6165
315
7279
655
1663
1140
2925
8561
7847
4405
6261
5277
5882
8844
6460
1956
1676
4196
3755
2910
5353
2639
152
8998
257
5941
3230
7373
1547
6792
5176
1718
8567
7369
5261
660
1174
242
6314
4104
9258
8669
3158
63
8770
4538
538
5495
7606
8509
5789
2022
5961
9555
4823
3553
7439
9753
3188
5262
2131
3190
7384
2431
521
111
5168
2849
4783
7415
65
2937
7782
1499
7225
3657
1984
5060
2566
8965
9661
8658
8635
7156
1306
1300
4059
3441
9903
9328
7241
