10000
51651139
12358279
26919643
96555191
4021479
69291600
1856504
6795624
3355784
82103901
97701936
15938479
19233485
21201404
63042000
74896903
53050388
4212414
49991303
55367989
66539386
33554081
61257365
92514865
10823539
31805133
44967801
48730025
5911789
53218178
53293364
90674446
12173883
51767779
70800698
49609273
46010120
24990965
72055568
14433777
34011951
97786592
99619794
9374963
72724908
62487547
29967813
78827064
44200518
33872182
19934776
49431449
54651287
56710085
57254254
33594572
98217321
5266966
96777097
80652077
86683824
64783440
42783803
23130670
1878477
37454862
44001568
20717190
21637643
15953831
45689138
65474323
99659184
15483767
17267174
20534299
29106468
55063816
40363696
56651572
29345682
98018345
48303153
60134586
74527271
6209392
45389637
26803095
47955327
56937475
48371683
24749463
6047768
48191678
89576051
91704238
78149175
67532800
31157248
28661179
29469097
14884115
49480020
43763182
63795762
72068865
93918350
97941559
58435518
72803182
40751486
19143951
39130797
21672930
72954962
23779560
20510510
64883053
83840167
45108044
51185272
6100563
90542732
98242311
4363225
32792908
70148557
96807911
78116613
77264423
84751873
86397175
31517035
35356492
6348607
66269545
28229411
78033260
7718426
48357196
84280922
40225457
72309027
23318049
75070074
75692306
19465603
71261268
96839073
10615367
40754628
97195110
2241116
57375825
52526752
63278636
59567592
16526519
4904138
66890345
34587648
4598945
23844682
89430746
94935232
64683727
83351957
37294134
71874473
29848195
41182369
27577409
48161447
27627223
81204537
63108522
43928684
58009901
94854983
4999485
86716700
14163617
93383792
82587752
24717104
62503067
15507165
42007595
61314477
70837389
65320408
51187490
30343211
49801419
55296106
68545855
34528344
55718185
71345261
8398020
68124961
81918942
50323420
32488153
96434396
80134317
1048589
76690733
92420051
8436679
16894749
68941719
783
75554234
25621016
1030977
59517053
20942582
65762505
8968122
24040043
68380001
44891712
49298363
27693735
23996182
62575848
16506621
38881353
81055832
19824712
57586094
45463067
53346098
17675826
61165261
3214366
56641642
21456307
94247006
15369037
50794478
33436021
79271917
51984166
8794189
46502144
79255756
64258763
11313072
30951182
88146092
45899376
80876427
94418228
31700591
85663506
14605706
87100830
56581353
926573
56748588
94795056
93920061
83913881
62951388
43653422
51539401
89805644
68405490
4221637
81667732
99159268
79577772
15363472
79150323
28752031
46218379
66556653
87424293
47066862
63920147
56049106
16117437
89574141
32808481
21994638
48378682
97095153
58135787
41776378
3484860
68879459
40917603
14129018
64193884
37365291
46356386
14426900
81027406
33256747
85213712
83049478
44952942
9035867
54793395
69252872
48136795
93016020
4885406
42745840
42134815
67478753
71198479
14367411
7447296
40983075
60281611
30735850
13545483
29691705
475080
1245312
77709497
35360727
91730109
25000486
76341376
12308594
13222826
90295584
13822575
50244505
94508467
58112547
23739508
88320701
90560377
15063063
43530268
34553724
13572340
54815416
3151412
38547564
10984237
23000465
16613559
82250713
98489795
28259292
54412468
9216608
56909275
25208213
21378558
27253604
15411969
24951908
51821843
96470119
43366855
17380555
85725389
18253431
8111721
84599196
41021251
94513120
24123343
79362696
16561359
39179994
65302424
95712932
11715155
47822756
22062328
8939580
78166685
23348179
75689740
19509892
5306661
94125315
34661290
8600337
38378491
68910140
53812102
57055770
3018908
35007941
6182368
62899156
34541556
75365283
39511638
38061384
65805700
76230262
30928827
57112002
95606900
52350503
77918745
19304641
88849536
33816308
54406458
69101287
22255701
4805408
11376027
52252291
88466386
3601075
36994854
76158176
83052214
2296398
89500116
46487648
17292227
59984896
90312106
64480133
56375217
48735030
96527959
94753346
96283363
59551390
82108208
44016844
63592488
90103464
56476455
52941227
90037819
29843723
78511094
98262853
24313086
27003893
37356660
94096306
86324914
6030094
19099714
25919073
85801167
27749340
43065570
19196406
66870794
44806228
59097947
74467559
98527309
59242919
95408836
86887607
93105678
67821585
71457710
76786090
66242351
79318546
44894716
34178851
48448024
83536216
55527300
48897151
67148000
93307201
47994426
69068443
1368596
46243553
15887809
67186418
64569878
50594358
60222815
12946221
22923909
87246901
88559035
58389901
57639138
20650106
52079805
71333622
20977089
89734172
63651327
22637992
52836817
4757022
99100413
76877299
51759924
42622661
81204136
91820977
96943963
41433878
86841475
63582441
38605361
3396530
58741329
12507459
27254999
87356277
3181210
91797114
73610149
38495519
36822647
44598292
37622145
85848266
98027450
50682962
74191692
2159510
18162453
79036847
15447070
78932684
60472563
49651072
83532619
21322447
12227303
78865690
90671102
9351606
62838008
43795557
47983573
29600182
51872003
51013155
60190437
12849918
94902288
81917575
27484053
43932118
91316017
89271528
46532127
57331991
89949686
72310823
38975314
2949121
4028500
30209220
67435011
74893312
44077178
2500865
63355608
45458725
76700684
289281
53775155
8193046
14098013
45914330
16700710
81987103
15344126
63310457
16048986
38250196
59931868
25553875
49317959
3118820
29198948
95596263
92490941
40037888
66908463
21266842
85931086
89179449
22269456
3709620
17364119
91463620
85216946
15498882
45044877
13801152
5539392
51880931
59339514
73721241
76624811
27981190
71415521
44167224
67777442
30091518
98154571
81208322
31640376
5440961
34285169
2233824
97176542
72501018
95630672
17224434
31096225
59575664
2416955
7636075
80206558
70076263
52006049
24105271
48291231
26203356
52056230
87550703
82824978
52052620
67831531
8862382
61298301
50134965
41918632
22372755
52853922
77184655
72771603
82990341
50072322
63446573
86467463
5368877
15081788
400975
23287689
33147228
23119001
43838530
16107063
38977757
53164315
17716159
17682849
43735519
17877363
36351381
65856158
83115497
64990269
84303552
63138232
28161770
72654472
31596855
42924138
38207589
7426792
83224563
4083615
89309053
93986162
48471707
97450576
4951664
84973690
35627213
23105103
62958340
18050804
30802392
19054116
45298039
82745930
16716809
55332418
88391069
75810784
46756187
35206041
66990997
9484229
55234134
43596752
65102154
17225132
77357267
8690332
33925257
53679087
83681844
89346224
45567107
86590001
86960033
55881740
4080436
31543102
65507135
94154851
26321347
95867302
80006668
90777294
17854976
65264781
67137489
32234088
29152923
51822875
71499226
63406393
81343836
83014927
61652557
35272096
70282299
23423698
31905553
58042970
96458504
90283905
17646783
36965174
96984175
78725607
87012022
78805833
88279373
9218070
69492899
42250273
10905472
70680343
72997883
44689202
22841554
68348330
10848837
44518158
30100884
29520721
806509
39173123
16089382
19828672
63386351
69213529
84162331
47497791
542932
39525317
54663012
585727
3507327
42040949
51258023
47044082
52735764
41840638
15637872
31508643
92675599
75261337
65548663
74517457
97507111
59807720
5394686
62076180
82431234
61106016
15975177
89491544
88190536
67237768
49249278
56149333
48417689
11051449
69458467
65513967
88720929
30513487
61370481
78663202
6831892
7797271
98012762
6312894
91291425
33216242
8331733
40771675
24566009
85546527
4807278
81818232
77438146
13695532
35435316
58058107
91592523
92942393
24465098
4306794
27439525
16479499
22327113
64899188
49791682
90215068
61834591
20245504
64356571
71919397
99587058
61923949
17925089
5483953
32519046
7016072
20505762
60483789
64441078
36733090
99038032
58351231
83938638
89729359
18710212
85367396
55515319
29924231
80241595
96371126
91983121
90673571
8273862
96093330
31098750
94750951
38566559
30855517
68691026
70124079
14933678
22446176
48844313
40684444
70637444
65009550
3764757
4196510
89383793
18450845
75775306
85129213
383269
7477860
94152465
82575473
71921186
26485761
66574413
99492817
94033192
26986184
26541784
19153163
25943885
73549438
12415505
15143851
33601454
14565625
28410929
61368294
63227726
48272221
62076751
93462326
59409978
86555881
74080519
61842115
64196302
39220293
272117
48776314
47947867
18121234
70951865
46938609
76320080
93821350
65204497
86043949
24779256
89610511
86665373
43596199
27098621
3115632
6675809
72941934
11341946
87674360
50515990
60450106
58011434
75538135
98814104
14648014
68444560
52135492
18687871
67873104
50312643
57543370
19053718
50269965
2985023
96008203
48827474
14915856
22694884
76146229
25790936
69716268
39751367
63224166
52742683
86895738
42466922
28961664
29520364
42288944
10435088
42715924
26414133
59719263
28007214
54726
23125086
73217460
83934449
53948311
2759147
91903994
76533533
76249942
67546313
19700948
6787014
87661371
67219739
2826863
29824036
64704109
42813854
2497719
83900432
13469067
89145320
54149418
64553734
27303527
99118881
35661682
5553840
21325294
5245190
10987116
82955123
82282918
13071920
80127039
55035467
88737521
5069429
77699457
761251
132902
89699016
68975010
11353803
77129612
90008985
73207596
17669550
94238277
66518776
56448520
86542061
38395616
77588753
43388121
96838462
52268826
23120827
78991829
63362314
66827560
51366127
77410471
71356612
73895008
5124984
86521776
20461309
2157772
23374027
87440287
18395634
46813801
22270513
63091614
13024725
82190813
99854857
16669295
4810967
11522915
1933438
35304829
3064446
6402187
95368901
50299189
9684724
5898263
43699148
66204775
71431814
44148384
27292172
28618242
32993740
67931785
79760597
38755804
9509227
91027170
84127673
415851
20777029
36375024
59503296
61234297
97528356
43597664
46362389
93356387
86110577
46209322
91376989
88271460
5313761
75371471
95009419
88835961
71050815
27505223
32531779
13948215
82936458
56701921
51430724
63192592
8230670
30575874
50611514
11211312
68281080
30273357
89301759
27946524
54151572
56745706
80745630
98058770
85598631
17120080
84664076
16248650
20436664
48082862
96910916
63818031
27975848
84734334
64766186
59178154
14193460
68073841
13273628
65920695
43053306
80833237
96381923
36837447
85906062
15279496
62685063
42815518
98605559
35028836
59322882
79017268
38717192
71184162
92516043
68104910
15331438
74566034
86713512
88245219
21800936
36678269
73143983
61741684
79546522
26228465
82295225
10113454
54568583
7379144
7115367
11440933
75368446
99514907
97843521
79208802
76935567
17442212
3862526
53564452
26508971
59744154
33605136
60905601
5665643
74824767
33082903
55057698
39182747
37532261
5972230
58009668
93281818
37309419
46142595
42647536
10228832
23228922
23131322
59897370
37008695
93978657
90412915
47242484
48997279
71294656
36700193
14937267
71022480
5288661
23603567
68299250
62122308
62290780
51945140
48013976
24329550
34482491
31113673
79716816
38072416
84434384
12903333
83143670
13702859
79569600
28216306
95143185
60735870
38856815
37569436
26665989
99086419
64635660
50761811
56334179
40304588
26684261
85333857
48592942
88903678
7560000
34107044
76756712
50652477
24142908
23236504
68938358
47690145
84242128
86706817
14772157
44971165
21203706
53505498
34502707
19709641
19934310
81315066
37244765
35536953
11868397
59063807
93301484
25308651
91611486
84163209
40404677
30392792
99155947
47167201
44398120
2494873
38416250
45058178
88900585
51071724
34520018
88841224
93688647
33430863
4916600
93622169
80047352
64728647
65309383
67696584
89668544
47665440
46170695
81920183
64055312
12033283
7541465
83457911
17455711
42629187
54923454
58866701
22481860
51423506
91268332
82985585
6378555
23831186
98092583
92404837
54194041
91263756
60778108
34773292
52345030
15271584
9472349
79955091
64256506
10740050
95344824
52715061
4173029
82730338
91744379
21239829
79951503
3155960
73446971
2005240
53646165
64487296
2347318
68489673
73619562
98241023
27090661
85026693
70063845
28895024
12899293
15838344
94724317
3270049
12931488
64260060
67771618
49704634
23991571
29759007
13134799
57820579
87716776
9134550
98710173
60398395
11307740
88191940
66048075
11868111
28245121
53491164
22178088
45437762
78977425
89964161
64594087
39612002
4877051
85826861
80619600
76932293
41314225
3901926
76996887
58711027
49869839
95912308
76185209
30338162
54785974
93585845
65312491
65013840
42046546
90557332
81833553
85231217
52506956
95707606
95103382
94453929
78366352
10916774
45500774
54691683
21165041
32340077
74905708
14265640
95477542
8504340
42967995
69217116
99703212
44222633
20321960
37825422
17419357
13223132
1565209
94348066
57546032
48047629
68762620
95884339
40687268
59868756
46715030
87290074
25902798
6911082
71795659
63436796
18860186
53987044
19662674
17925132
70910009
57311274
21934972
27983329
24942547
91009213
45223820
75283781
60845779
2773817
47035914
43846436
58410568
83545040
30310089
74958671
75219381
52914254
18220943
96710221
47271795
46204530
53583160
13133923
68144930
42791403
8767143
96196147
98187757
41518915
27244615
27371780
54366712
64200160
6018027
55189508
52743808
38001161
24166475
50089720
31102406
10474739
61047620
95748401
87282479
7219509
94197496
43676444
96365888
61340716
94789498
32994581
12991670
83730203
76715519
49993406
85174581
8340551
33470222
98185410
22308868
93178676
55759511
17484009
28809154
36484894
32304346
65679287
72817858
11419472
70987809
40856437
6769997
6408384
87055788
1787793
493324
43388697
31590244
89745342
84836875
96701185
86104182
40027951
79697834
9717219
24575051
5157305
38297637
644701
60950150
44528005
89041287
57976348
6888455
31673104
37136251
48208496
606950
18271416
70168903
284814
76733102
82872755
1644939
27003098
79078475
79052928
23477448
76189443
41552802
62680546
63255021
98597724
22755870
12872291
27895322
73631707
91965750
9638283
19620854
37499567
45041496
66894289
48117810
51700932
45533558
52571901
55092204
48580076
52631826
17956674
28942055
37531201
38598713
63927695
38207324
44404377
50406288
75433999
98499182
21869334
74675969
16571422
73474195
20518313
3754123
11311218
21506629
35656160
28771497
99103199
41205752
15147257
71708686
89880486
24551170
75493790
9789504
85359569
14865051
29211670
6416954
16106350
77845958
38903494
47272908
19467080
17909673
18166755
7367155
10941061
73419027
65404330
93327793
87060141
8381485
83560422
24749367
7612780
34604455
49114597
12486587
90956758
49712498
53049049
22016581
2502850
64184855
72100919
34646148
92069001
8936385
23497956
53997669
27618933
12937390
62585509
2370862
2477760
31904886
82575667
7469489
39669754
11651079
43644641
25521638
92902916
79025468
99971873
45855996
3349744
84651996
97633466
90799569
36542214
93120817
83688365
79180555
48900315
28740288
67954174
24661683
5337863
66185337
14903565
30763772
37010578
47944804
54396810
54291720
88497409
93725104
59413660
34162710
12484673
24390158
81095915
68871041
21156064
66523491
58340458
89667797
74519823
69902336
63254319
65849379
65237934
74348258
35065649
39084299
67807254
44132457
62408377
7502506
3189403
13028227
39852862
53795552
80063421
92227464
31959603
37710013
34521789
80689909
45128170
63347791
78175034
59080095
34179789
20331249
96883200
60552483
33446894
45628159
34243858
86685213
77572622
11038414
45986664
56653399
61815023
84136812
69772791
11603781
72899842
9024
40037480
5536604
78931501
4971946
97236021
68382022
44594717
5746321
23529300
14519302
18439614
26629420
17364880
64140035
12269862
76000759
26387023
17754206
71320801
44816268
60328408
61935393
50361257
12273235
3968161
41772057
37066420
61994251
9636357
18367127
84138060
8859810
39908275
95437875
72118842
39116128
53019736
67177151
58611877
54634649
18604469
88980045
3566181
25560999
27721225
19743935
69377076
37325273
23960871
71122463
24782339
48494325
60729586
64083171
77597106
76939967
8907377
44927960
26194849
80238780
20070880
50632463
16909360
55775491
28373370
95925538
25461846
1375449
48539512
61773968
17547658
4279898
40928271
58105458
1109872
80151706
34123962
35506420
26667565
68759125
99776636
80052362
85332537
69250395
59350364
70453736
8573685
87887392
22171042
26055426
56692892
77355064
63406594
99040900
9357723
50720060
2138053
66668550
15940127
30850838
89847926
79949089
40583797
5238105
8422809
48352972
30821576
66687816
44718049
52694363
27457359
66617533
53335333
92175734
90803258
77101255
84796781
80098211
86908217
28297755
1305194
55805707
92958604
11401150
68009908
96208207
25724718
42001767
57468857
55109917
15744769
66158197
52538460
96801295
83110903
14198043
27795458
33931039
99671136
76965733
93877707
65695533
11715840
1181391
6775680
45964574
18734520
18711384
71693129
31578459
39467470
98094405
2398644
7571036
50841851
72797856
91569475
44875584
69401359
45724252
62326170
93377380
14582208
71128671
12333363
73137792
92942817
69675126
52366122
72329937
66259372
93944644
10586825
37808253
81186632
48180432
53871966
34337801
97159823
75706319
23433564
54217554
21634264
36058440
91950362
86627742
76720527
46407574
93882955
15928533
35322897
12918034
27082393
51719057
88432004
68422292
17565592
22882047
45821749
91957705
13515439
92271690
63680808
22993553
13579946
64174534
93438607
24025871
74813087
46725398
72231188
38923786
2951890
2684866
22353455
45886663
31448980
257051
99932205
37823192
55709183
70350575
56768397
5350630
30105678
4275398
47305085
12618015
92374653
79777223
18161486
41264446
25014375
44043230
53065570
67086476
8669862
85747956
97155718
84661761
80041626
34367065
24468476
47576607
29840018
2523674
94605037
60598306
93630462
72854342
97001435
33161745
50467862
24149324
620160
59408749
53711916
45274795
14009843
35748961
8821003
76998257
63168215
53328924
1879469
59701353
92532943
28044685
29920608
18236802
76171698
21134841
93280150
14556291
19199786
92119400
95788960
94451782
63803716
8494789
65392893
49350048
81417395
33439731
42190989
83394777
3999520
84007241
8106332
41031252
6299641
88099769
46434867
33093038
78069587
3338628
68816581
47453065
30857779
23914307
64374286
48352407
51718817
54837770
11973232
89312732
80698044
14621300
47451966
16167844
76762405
54051442
69975417
63904270
49320187
44667709
67509241
62672048
52240933
83165441
11081715
11216588
47941068
27367314
87765515
12071401
83354187
75995086
44887527
69161159
17180131
50533732
67298820
24228385
19030855
13025612
50692547
20701379
96517152
51617045
95523607
28013891
33425361
61721793
20413172
50638928
77666278
89063940
58230675
17598191
13789140
27058410
11168776
90595280
95176851
20080556
23297362
5686441
15954338
46897865
69897669
37363223
25606776
6665738
1742804
39085234
58153588
99751372
52765363
12448054
33708028
20337435
53717879
56237104
21926520
9018781
9819855
90562105
48386557
73325856
18882593
47126512
73908702
27285468
12762403
74674580
1118066
23817069
12690853
76046617
63811059
27530208
1755987
35173321
76340524
14354771
66321078
9206680
51363040
59926960
10419206
41826500
2277356
42554691
46526562
20695793
76331396
30149509
57474322
25010789
23364827
34093224
18151408
1413019
71502055
22556251
36239104
53760273
3377475
23785780
50714
51794768
46025760
3445176
92173739
65395857
28279643
3841162
31640870
18974349
16282567
56425155
56761435
6041163
61717745
95286297
27417097
36539292
77106150
84548743
4454529
93063166
20130762
93295419
29706780
43333462
35385120
62178540
63739680
59412947
60761506
97689760
59956380
26779375
11149762
53814947
78535506
18842471
78673715
14382706
54101768
56973496
34421784
22159260
76394270
99618369
67566409
79496678
60094861
74100948
70342286
57189692
45876175
76302534
82439152
1529866
58768202
97073857
72360809
12807942
86069505
58444400
7392534
78204253
68455166
53076353
7863996
67350326
82976891
85062299
90101449
25381532
13789094
24643866
47400282
25589819
41705239
76510984
43437511
63564352
74717022
44713415
60577012
30153611
45926648
74404547
9478875
90374870
88192632
27130871
75210425
98155897
15263434
10197021
1562087
53568943
2441057
82415163
14454526
19372817
76773043
20261917
5997524
59938658
92219119
44071079
2666564
54775419
26714872
64900116
1770187
10256648
99871818
82213745
22102407
11370152
49216770
87189221
44134587
97616511
59975642
45958961
58181884
97493265
52048608
49126275
18447881
51394330
96448541
88447921
70708891
64254881
75281750
28237863
51478440
95135230
63892623
69344385
78220353
30553699
71408518
19731278
15589525
48990824
26418982
77098032
11293837
34341240
85135246
24377224
4264670
83456577
33812706
42791819
47705915
28548084
75860942
60651426
87940024
91505287
22105252
72163841
27516070
16839055
35716779
21601953
40964685
40020289
82103501
33588643
98187697
59562970
39553965
19349584
16636260
53981411
98125239
45249153
54543433
96531969
15880578
31632817
73182634
96516306
98260542
94383671
32472089
70347850
36888261
6417847
9455482
51364879
81270819
57108148
39453452
41395793
65266693
56723912
6217538
21936401
39586083
41021109
15744207
18341428
65116177
6025160
2145769
46508343
97546181
71942580
13915762
11799196
53428175
54984941
16888721
85776340
22006611
34645148
33991448
85894110
11865446
29846596
75843864
54755135
85717563
10506249
2674602
65747322
69722751
53851120
58444749
62284302
84945575
80200079
82676503
51824010
92352720
48884479
82601561
3627169
27578850
43550283
36823948
50650096
38694536
25053501
50330267
44685275
68919329
73687343
8105247
15485754
57801464
65011904
12271141
61725543
83802812
83845386
44309899
74617997
50007137
49129984
56863936
34752925
94008727
43847694
57203066
97657535
75290480
34676327
41076850
60692230
95583475
54834444
28655295
26100557
82516607
54721489
28463197
48546072
48534313
16045678
96650721
93362908
77306756
82432741
29323067
40728989
26209809
85000370
30451568
10689893
26499584
31710323
16957455
6418791
73681207
27899689
84770220
34164399
19430319
94471925
1798881
11696040
42425847
17038800
53175703
65640656
30724085
45818299
8869035
25350290
22584170
83623578
68979448
6789481
18493312
78086030
76969669
64824838
47603193
91358733
86911473
49837480
49057133
22102781
38027623
32893035
10105401
40742711
94904801
9680498
51521821
63486468
90799699
97035352
95991937
83604443
36104867
28894403
7325324
98918500
33070826
40285830
21576271
26795562
92624362
50809509
42760155
76946478
3651735
89480963
79326937
28117659
96773449
68777870
95756970
65551655
65666358
77046911
11549882
34795364
84382107
3423416
64570282
68512326
31411175
76114480
23737392
7459877
4211805
88175266
16405685
94903656
47583531
34206345
50858314
26924941
55239115
18032216
46119636
85423351
84239024
43428497
1272266
21718609
12385867
33540468
8637341
90875421
51975766
69676096
85092748
33083141
29267230
65255821
28843263
13224488
82682532
43102169
36399146
31209129
67302675
2595499
1934381
26907301
60426092
28770059
48539782
13664390
44482362
57196558
73012978
45847237
92878092
79338295
97179163
57179785
48981750
6464937
53396824
28608647
7862544
68108147
96577192
59912829
25408004
3532128
29815832
22760068
6322377
70361686
40874861
27047507
54849250
65142990
70797824
71638354
29299587
68401772
59900799
85463517
53784890
4257622
48501524
86666593
48266457
71712228
5241638
33529930
18944613
24688820
19715121
69626791
92154389
48237564
72397567
13895328
3482281
45225328
47960648
96293628
89452693
83348284
59412142
57545093
52816363
41108395
76194401
55007962
24965424
29773644
3528531
98416456
30396475
25572338
80233247
19412481
59674804
4420328
12521438
41578843
7179101
39259660
34291842
36461223
86603506
82271910
9498852
73493776
93902906
92093187
46622716
5607580
13103001
61559135
20745570
36615490
87551267
80221535
48505722
89690445
19727100
77195690
93857099
80860693
80715969
94399028
81419391
4964734
69921853
84559116
13677666
67267446
74791867
6849722
85889900
71466597
17591013
59705820
30850834
96811508
17627169
9472027
57866027
96900507
12358760
13982654
41394506
76828524
26992889
15121071
63421448
16636690
42805291
4034673
95908633
23882209
26796987
39600489
1254723
13132445
80112655
49039244
70332459
76122583
18237688
83350692
29662965
74045058
62030981
53979892
93065294
4184877
29610761
20588373
33323636
15907523
41036087
17661426
26802409
73718828
55461000
92788006
66111210
63436259
62297037
48355784
11119215
38351652
16979592
6018420
81513993
50968456
16780160
81119236
47191856
92135844
32373361
80346727
37328556
51441989
66597386
44111102
34876662
88459254
23060196
45992667
46718390
53179802
51400513
84898506
96130197
20413350
35746395
78648301
11148947
80652446
73610531
51499027
8024998
56676880
92327724
99187260
22821989
34624988
75731112
90948032
50963416
62909057
7772132
46565058
1948824
32318057
66014774
41327155
92095553
74194247
63764388
473155
28106588
57407826
7348191
86662220
26501050
9692931
3403377
66233622
79180509
92690634
4044311
35796578
37914565
24980963
6524530
34921051
91746744
2380196
84944767
71364112
70762230
44206580
42560480
92339941
83825209
96234006
88134042
82251064
62739660
54746335
13280209
69457641
7258155
83642426
97533753
31487449
521628
40726390
80032671
26969961
96594517
80372230
21221932
26716947
34278211
60506855
1155497
39284916
6509924
18149779
56350830
94271273
97265662
70994089
95181823
54610789
90493063
75539405
65245768
14112579
41809214
30914394
70852537
38531154
47327572
63188917
65569019
67084110
47128293
14088522
21938428
48152358
16312229
19161611
15818746
79920784
28713534
76887282
68265683
51311099
93117775
6444590
89996177
86205553
8043114
83620102
46852088
79261656
97766300
34946675
68719742
49976108
71279053
37308005
25723779
15877956
43714580
82958956
63209948
21185128
53475376
48071711
3391089
80863239
47360426
8251311
59165213
34069678
55531017
66817386
50224604
86441189
68476965
51171569
27562190
16449218
14990182
48745495
45951766
12196491
90490709
17882670
93690677
24929427
59915693
66180700
95271940
29066559
69784668
10010232
35643507
85483726
40324259
49390471
20893195
38043963
73159967
43387209
95270611
32016062
87501843
58047406
74043195
46206957
18250042
97184527
78556589
69855035
84999010
16386462
88506360
19842911
198276
60871518
70545480
79260996
52783182
97023155
39188677
73826325
49461212
34259914
83745397
17587298
60353135
91713200
62466073
14030899
36295572
25229509
81894112
27314820
48174652
45929637
72670851
9837015
2270382
89591280
833065
69867890
33497052
56770295
19566291
33592932
16046402
32029926
83568866
4004202
32479375
62408370
49797587
26449136
22850450
68678829
60245755
82889137
2551578
30093522
85391419
59793216
24240256
57635987
21318415
37532650
9099852
55231928
90028280
7275345
79774711
75198322
19024761
76416019
65150453
93024499
13735640
83453204
67918864
86496205
22289217
2775574
67288097
72143550
62228222
65567241
86311721
57197623
25778743
94203725
67725110
74859492
54248875
3471848
77978832
68683585
77718731
54482800
11444112
9999725
3878573
10293861
43913991
88970579
76124473
98557843
70187215
13079586
67835639
94406561
2816814
56317770
33513360
74697628
50049605
62731816
64868685
90368428
69391122
16057957
55200491
57565752
5537747
78129740
70937158
24408305
57531649
20768807
82560424
91450387
56071668
93339901
49899949
20561069
32190544
55221295
89295177
51221612
23374184
85352553
8304243
23233944
35414510
50372688
12853965
24036697
59687414
30241571
56843570
63837393
74930899
55409301
39322790
90513508
5021312
33369387
93780446
52625118
22608116
16524551
20557285
41960226
27340307
20834517
47175845
79461749
48816737
51476425
9513827
41710383
91512991
50884296
16446263
40754071
58982141
34641384
48088942
37924257
29863326
82564239
29089636
53056792
64465524
37914761
94879797
14312448
23437247
87501311
4549675
3529965
6496096
38059464
10588483
8588736
79314119
8383410
75966350
18549547
11231328
80637483
76467526
39206897
81209046
7939008
14600980
95507624
36304757
74882204
32059724
48034287
51122580
67284696
53528984
86093080
83912769
87775071
6247134
79836149
54471973
23030972
89088369
28404008
21844279
13835703
23950582
57018648
86717976
2134710
60401268
40915487
56375661
9418582
24848051
66291806
22648805
4257625
77677434
7451193
58334526
20412173
75734220
15374340
50749457
64049566
2536564
56205477
47600464
4285038
6240102
49402466
70448594
31782061
29483983
26352707
5194198
54343553
62622469
7098548
70575766
62624659
45840844
90331867
18482299
26575525
98960593
63864007
4273142
10987744
81078429
35753337
66934786
98024845
40528108
16601480
45558890
9892837
17071585
28923639
62762548
75722659
2795782
11165982
45388988
92267721
43094647
64606741
87500358
19756499
36501931
56543453
2075794
98341570
99782292
26371460
50658562
1675503
6816136
48840973
85160823
28904218
70391538
88018603
1651869
89328082
93576292
76160447
53309608
60683663
83924075
17125066
96795259
173943
41922473
916333
72309434
60681360
37988543
71321409
46779795
14189811
62297830
41101506
43327785
63419148
41220030
83317505
76013466
74878894
2828318
81592180
79694895
8675586
34940630
23803764
29905409
85484327
34482341
3874428
99141519
28952421
12928437
74420284
17593490
82236173
11500225
23250539
32946595
37242697
68380897
52383534
57571988
6447932
22068958
1355586
7775298
41002895
71799435
63995786
35595965
76079027
45121245
72015358
60391247
70741442
75952793
12817100
25595429
28462992
64022064
68860670
26200082
79604831
90122842
81178473
8211273
21032644
34544600
35504109
80136817
27456118
64058522
94882433
21121560
9470327
80532151
98709088
36857021
31565222
18929281
22742305
32143951
25236404
13403591
410760
21724393
48073273
36194283
74357893
4591085
98028081
19909235
33396008
26875079
86148757
68405163
87924070
18040787
62372854
73338875
98087465
17385520
933339
81389945
5497573
15633923
61296254
68449195
22113337
76376355
38306855
81516090
79287920
3894287
53541502
19793720
47285974
95125012
68671052
98997888
21517135
56858841
80399861
48518149
29725308
26156426
88769988
870826
43207292
54480146
16315044
88412213
77405453
76094181
2009306
40834970
32970760
37292949
40947240
8826333
97966400
47521243
84590624
92176456
79389013
72571615
59906897
28728370
26715263
13744665
23214998
71327163
87484260
40217183
19449820
58139239
39575509
80954078
31538394
63100489
11929399
30601691
67705901
69409636
82591434
37481539
24455458
64746343
73138929
936920
11423600
83339103
38041879
34454792
20393857
51640500
60246485
37922666
45126768
75777282
4133529
39660696
83198425
63322245
86841527
76229993
86675010
56066059
87526125
19141915
97021745
89867424
17665674
88777665
9673098
14192770
29195292
35660068
83061885
17051605
96701799
56588348
86375395
49328031
95990396
60048042
70057747
53569625
33626476
6045846
89789791
55096477
32163113
96381137
87180779
49326513
68121530
12571863
71362486
73205122
88863932
66690089
9091476
85492293
61294645
34818479
46662312
90027228
94891906
16640177
56805338
62041712
92041161
48179210
47215607
80013699
28617131
64001856
46728296
15967713
95459844
27378577
73898094
20455591
13262412
4772720
59161452
5040105
3304309
8722911
44115687
5704219
53750124
24582365
10847561
33600949
56522789
30368615
46404686
74278361
57015950
79787766
91748482
7740096
23224055
34506107
85146437
13764560
76678939
45113554
5144334
12135763
87785410
8052470
68948802
43147015
51943341
79999784
9375689
67345508
15530313
18933385
94536267
64403470
51502530
13337255
34942438
29858407
73984076
7809640
11059677
94317087
15384365
53617112
95498675
7973840
12601985
49422490
48863783
19051026
26027515
50057449
44860463
16681971
69357496
35476801
18171252
25800900
5238641
35757010
71741481
32803318
58841215
91752615
77528056
61571243
81817700
76455083
30591138
14647092
76906291
22714315
88602886
46015947
27658656
97415788
63035222
57678149
62739635
35850929
68009678
96203698
48032518
23681303
32759033
74882906
29829678
19760068
58604106
17314391
29825068
58140522
2448783
29278234
20661672
25096416
30267021
71104719
61253048
23295545
4554564
52634951
80672244
82197087
52829690
7143731
81633316
72733156
11251151
86880004
94949462
95609089
91272040
63246979
95599523
81192245
82237409
74397213
86143925
64676739
47366197
93678288
50904487
99376224
51538471
88922229
46316040
70524705
56652719
45778905
2736066
73529918
20997849
51903600
13367999
44147392
8044335
94954218
53462460
35085699
18871068
3735560
3718723
16350911
44594132
69490667
82862851
39025042
46876785
82265428
50090895
48116869
18505525
81503960
38527354
13774951
88775259
65169683
26847881
99763923
16710837
8464608
96934552
52839806
52848050
5488922
26968162
37226705
16187324
70154783
22179367
77498089
88313023
59560332
7065634
15317394
89846637
68815591
75099233
27271813
5528625
83073887
46760317
92156624
77067906
45937150
7928589
72224041
43571433
50928168
90494096
77480404
88572904
79569533
42781662
51658818
47009509
78423300
59662996
69505511
46127579
24935468
28839155
34676637
28294367
85417882
85885643
38993395
98214775
27385124
69156255
83642974
16968747
48594255
89191568
73505854
47878557
11727186
604290
51657111
65840428
68388055
87616617
56731830
1524334
95415859
41482233
91011567
51126701
5435911
21766526
12592914
94612287
21428774
72001366
77131509
2607578
4811507
76816153
65925734
2038671
57681281
19381710
22927916
58574925
92817392
86866000
40747837
35392969
32330604
64396900
21589127
49778979
22998480
4591821
70287516
5980143
86308296
75379901
86128410
51035416
22913202
73096037
91437278
77894062
29076010
70736020
55606652
19550959
94812929
41922161
13843973
68048660
7442721
72146024
42358951
1949432
43706184
40352251
53577008
71822489
53205294
70282246
39700429
39284780
95724968
37054448
55829971
81049910
53679428
17610893
69598386
16723019
90426778
36038780
58055684
71154444
82602602
45614459
1165999
99741428
14121990
40395144
69501386
94542330
42220973
26536056
39274264
75410743
51199872
36458047
3738649
70797667
77322951
58421681
86718551
24830633
68753980
95793335
31796677
9696570
54410925
14377335
13597967
23983399
13000923
12924111
45258551
90906516
9422854
48691250
45931328
11395819
1569205
78026777
34835594
24684124
19342050
37798306
24377986
57965077
59384057
68014314
86094838
39621649
60699870
97783396
77066332
41016495
67739951
88369813
46627684
80469179
12758969
85803045
46639612
14604120
37539240
4086645
59984685
49561055
18415873
28464031
32844961
77128685
65468858
46843305
23764553
51453933
71135967
91724215
98378768
89163084
15591292
9939207
31270756
53855553
75611738
11665656
70397635
54007563
57324972
42706178
67912506
62170321
70020543
18953471
20784611
20376877
23608155
97899146
81801517
36390740
83054207
67095664
50654217
1576943
39411661
79681470
85791509
91298019
5884758
86960953
5682514
13960357
84597610
63658532
55799705
71386603
8842680
52681822
21172932
81102406
33978204
34446132
62075515
97831108
29875875
692429
29040848
97346251
44105565
80595372
72892053
7718404
14162060
9477483
65111844
145376
4677318
59897075
67885671
76031356
10615539
4435550
63600410
53006889
52368342
17364587
90113856
54523313
6222540
14449000
51577488
23681862
95078333
70577350
27219233
84964201
87570337
381617
219661
62749805
24031831
33454330
29704735
93590500
38868427
70298402
38248577
85061811
90991907
36713314
86101044
90709570
64887501
67686662
48874267
55500552
35685360
47153121
50207593
7774507
61568039
98852112
51326579
67678042
13640332
33198281
68058181
91977110
63510334
92447435
22857149
65098725
17013653
27366125
69049860
36380781
33755147
25275040
85086379
58935910
25808647
55945720
57896242
23831616
48545613
47334090
70470726
13091711
61626811
28623178
57870334
82820586
66973453
65354390
53986568
85084172
53974587
16037030
36626501
40495137
41844130
40634432
43198013
46038437
75563513
11979054
89488737
8935930
12005
7753747
15947560
61567401
18757051
30871771
36303303
63044695
92571232
95727290
74862614
69286031
46456028
62430605
58540970
42682454
57190997
8297950
40843271
58091494
77671872
16898294
26005121
33015380
25775157
19436497
84771107
12947883
99456623
91347115
27316996
82540732
11108030
68171924
40050711
40363233
51740322
76811070
3673080
88173505
6710632
68895435
57597186
81278338
30475662
47844499
27682986
9547431
74794674
37040902
28763737
63918133
4470054
6366311
13262140
53222709
68360381
61198867
67972993
38252866
65755937
38657997
70362344
33403414
14679969
38858056
74787273
39179329
98761905
60672399
85573110
83506883
21385469
81312731
36210561
53083538
4126634
2408271
16238070
27430056
11891474
86564606
24448480
37435103
68564589
56371475
74205342
17590742
29664076
70844837
81781351
89236601
89644152
33716765
9421057
1829604
81215152
87309722
46772080
14354671
27091995
63098193
74415834
98395073
97393422
23202702
47154025
59765460
97307982
7111081
57931077
66974045
23624937
42193507
38966813
9529365
14892085
81538274
66382071
99637422
85141294
74231273
49402107
87066192
63554358
7671464
6206849
50815682
28430791
9637568
96930209
32206155
24755242
57257111
30489108
99144253
64754299
16741916
980430
95749891
17106361
17460754
10824371
75627111
41636314
52117481
60102321
18160436
3085537
70570839
94960313
9325202
35099890
71916752
83168632
94020980
91176582
4356703
95783615
46531859
83986912
75372437
15389444
28351506
54903246
6569832
4658631
80675111
8138453
35312136
92862925
71845064
88853198
63396459
15311635
78950980
10143873
59887057
47939925
11726922
47089675
62476757
88746044
32459912
11736433
73694912
97620209
8583888
2293725
35617831
98111363
73093255
64220376
92740175
73735691
51320935
54036390
96550945
19636893
91210633
61549744
83241632
33290931
12453664
88649936
29434315
62508646
78678268
46698953
65008976
47023626
39880127
3472655
7723117
33393957
73430498
98942268
75189669
87721677
71590550
18395469
5885088
33511816
71653267
56377545
15488333
23266910
56544035
50320819
8019968
50284475
95510057
18425931
89257130
43000575
97600030
99051416
76722042
27076110
73240412
87258563
11257599
50398217
34230914
67258783
25178053
30839646
16479788
25899169
68819639
43539589
79741365
72653840
61057034
67291365
12814194
11498827
63095882
4045082
47735099
71116560
81697713
77754633
44224702
89562428
19175244
43687014
40163786
74661260
94742363
72936126
67780289
79027180
15873240
92390748
9048093
39869268
23922114
86562838
29155457
51511329
57442196
26828007
83513626
34854130
31655817
28182274
15111922
28384109
24480664
59187709
25357703
96708325
92772829
6675971
69824448
16198607
3255352
3311991
54176507
53841097
89960352
70958090
91094224
73809009
15568991
38020041
43078139
24016834
70908297
15004634
38809390
32080111
20267721
16632667
17444227
70765807
74467599
26492568
25345541
87417275
40253120
24855338
95274721
9702684
77771000
22474695
32220183
18652449
17266859
58511412
27693378
28659920
46454431
20982655
41331989
87410017
66331941
21782535
34512317
60250729
70227182
84215258
82502578
68353537
11854619
66340835
16644345
22666259
21689308
14923471
10621155
53932318
40891713
17556999
66217272
36816871
93120677
43686397
85060488
70486391
37224060
14117810
70395110
16755630
46636000
71876212
70051076
84136440
65010602
91947486
45955348
14343902
76903026
57782121
41212077
84756091
82488962
34685640
69857318
24321639
96871910
52144189
73372283
51777670
38565360
47678379
91345660
51144929
87815507
56690826
29319745
9988352
72694272
40258680
58715983
48838531
72893148
91401958
8847049
88195915
49832148
68887052
65059479
15295102
10959344
20693341
6690769
85735473
14885750
38906758
48839436
55530941
24351696
45288447
51706997
20267357
61939308
63462831
34465217
47901021
82468656
19457545
78609603
19233840
2431420
11148192
3499659
42611466
88065786
98474978
62215583
71753339
28084022
69907878
93191311
72187856
13045824
91145402
71026330
89925203
27048417
13342333
2308511
83215883
24876128
15494986
14205970
58421616
49704957
40874794
83278703
66270586
81597401
8712555
62371105
67423565
31832028
79529617
7584150
20950257
60700321
7684505
46856375
23299922
95419708
337912
80520004
91895654
78651606
56903695
81089563
18256291
32349492
26489213
32208930
6716625
94877535
31140057
46250659
17684058
96731398
92383894
64048541
80317497
29633786
54944179
7285943
29419462
33382736
57767327
44272985
55568041
74361141
90513993
77295032
31358336
71815251
87863958
78485401
24622449
33983189
53322168
30666316
34658933
78359512
24389442
31919958
83897151
12424293
88118472
6645411
70257909
39315325
70945092
73569856
8112592
46405510
34973096
19870967
55460422
9909205
1159856
52937456
51121796
16101704
63935866
63494256
42757341
79409478
2613581
56965068
50273827
86795762
59654250
70300511
50908415
29995381
57660355
34825281
12069697
23258167
19752707
13641511
13903055
89111555
73168628
48517538
47749458
98909421
67314240
91735551
73075603
8321871
17404270
52537207
60565997
91760411
22990962
29436195
19555251
89306983
84796151
4786748
3245919
22482307
88963131
64591651
95631332
51535559
24457467
47864637
57933736
54151660
70945060
23074252
69832974
95337063
83086767
66422718
22723720
37190277
48767247
91873895
31151001
7118003
88178948
14775398
93927277
43892441
76552444
95555429
75341856
78666914
63281728
25867654
49119878
62609422
59898205
69738899
78145598
65790161
89091491
72556570
50178906
90682293
88459774
58806007
56684977
27424598
47412461
41019150
90046401
46476620
78910406
36958760
63705738
8111123
41297027
79270186
29525725
94287722
87888012
69636003
43620882
23229015
16538328
21857841
21234623
98643062
27585969
6139430
34229622
47593838
87885270
80465039
24582077
8154336
46821892
36157643
43331583
64329087
17735993
25153958
98381041
64398919
28515558
35198274
53107033
42822914
15538858
22108984
95176326
28700635
96867567
80171254
31982072
83801634
76896029
41793369
51151788
64737568
14754011
85133706
57034285
19857477
57674806
25343604
19823734
98069825
72409368
33599946
24921440
35348462
64548971
17433284
40597823
35592521
24036496
7998417
38923500
89266289
1565850
80911795
277944
27169175
50755306
30971301
7241720
28989250
32491300
61391230
29982172
83580277
38237828
7634218
2906963
4258049
77818097
58069531
26809349
35281985
25185874
6219993
3765975
26747281
49314638
84774296
33069080
46621934
57192417
45432940
94789560
59435397
68169841
80270689
93212014
54766911
54077857
38701258
61968051
12917708
81002783
46963441
41003807
52877755
89830090
9040958
74198361
55616620
88472182
75932402
24071323
97613069
52130896
88618207
61128195
30454147
61763131
93243463
87432143
79229816
21240658
2426964
71172848
12855908
19778454
89575367
18931854
26250743
25365307
13516269
46206733
60039245
51762514
81538441
4023715
39683010
8033936
61243847
53642340
42491891
11629819
65101758
86658186
46110098
75814747
77213535
46841715
47087098
75665938
67061621
2710643
82253262
55344742
12130674
8521016
56766724
31873557
58578847
44464633
75022889
9234626
46664826
9879283
4627689
95885700
56540484
14716602
97458731
70179841
99885137
76223340
86393845
40101942
10364810
20426107
64862187
5584850
29698043
30507608
82111173
67453220
25577663
95694429
78213945
81661168
99503729
81971605
89908521
45401498
9387843
36966396
44425733
47866423
45947032
73689643
65594698
84164056
3096914
75947828
14814246
61768748
51501649
47868648
81911630
42539500
72380060
51907629
62062324
72251681
11649099
21331847
10016823
98671434
84822257
31152126
33986482
1068555
76692379
8513528
96937858
35170126
23813150
2079784
54907631
73720697
47648721
8765402
49037953
71641412
92492545
44914436
44887768
89017416
37187898
62548114
71135289
21076922
95307779
74337118
82062443
92434739
85464469
85698795
54168625
90227109
10663801
20874175
99111334
84803306
88188507
94641299
37241767
59345807
7610402
18306201
17101999
93384901
56827365
85118563
26564317
31087692
29556054
47229319
32547518
57717869
50646885
62521567
29670635
58498420
53275660
30727190
98328144
38395693
78608781
15023863
85340944
99920512
129129
54306686
80173141
73635385
55102427
51621946
81558709
83971588
51139083
1214518
11052709
43618772
56727532
31618792
73327617
3260466
32909119
16933847
34376155
98175593
76187325
70269619
78958059
99159419
94919786
93800924
59175583
97301757
42963445
13222888
13673609
99986774
9651062
8522195
69361619
93516632
10580384
67763890
95798020
9521620
74622687
54921237
88050965
67045946
21524981
85682187
79431668
61072158
5116742
66439219
12053071
95184610
97255354
92712438
66824251
41110192
26573009
4946809
16306145
87067791
33932980
28826021
16827064
94243431
17693151
45474910
19235779
58870577
24906253
86270700
49973750
3253638
75827279
86249409
11334288
98376046
94082363
90953272
79549690
92786278
80708848
97796398
26502447
79012857
16317602
83368744
67261344
13697642
95050288
82858092
94985707
36090755
7308012
10346081
82591850
97376541
17897732
43824562
83154052
71281865
38404536
64719824
33022146
13656412
60898475
93541586
78464198
64959588
52816843
49472674
96947709
51812219
73307959
49125334
21151043
69410984
28449153
89782503
98807979
89491507
88484351
30551096
54186996
41662466
66166439
86889986
10413258
2776812
5604563
26840809
30452731
78399017
25711049
29505616
62385495
53828429
40427914
87132454
5855781
85048853
37925749
42674874
39035093
19359758
5322201
56441202
93958660
68689412
26177598
20448844
34675571
49951272
29528850
30889876
72799406
51624325
44908400
25279575
7464469
69985601
31278964
72428042
131839
62555606
47416602
58629300
74238507
43179097
13486495
62075685
99927742
95331174
87090694
91124188
41387683
63094543
66359428
39340676
19878543
24617448
30643662
73124491
20544870
86941451
35101504
51173664
21637848
79263321
87150186
94366326
96411164
99306178
87188117
96650853
48633173
77883535
43134654
37070288
1380065
58446930
80214127
92354677
53758845
70250933
52450140
62480535
79831843
73026159
88008097
37199505
62296057
21179605
99840862
32482023
35391885
5771039
33626794
55702727
52621338
158270
71336415
15389756
43651907
45234275
43873382
81187889
19289449
87727030
9030775
315732
61589551
64375094
70765173
90895514
59525083
50252649
79880873
72971268
85223978
50579236
21058649
90817581
46005517
55407999
92631568
38672863
42748953
21238420
47798164
77625033
58757866
52122152
96100842
26954702
13941567
17154466
17694366
17042365
54448378
84775191
5783484
33364438
27465524
3770567
19113316
71425128
94927683
47345209
98835280
88489048
53538597
67626864
13405166
16926515
9224633
77780607
26302394
71807095
66365822
82625954
95931032
63652475
51002120
56387001
93120337
78557624
47363610
11171340
49293462
23066224
57029509
90706579
32566495
48943309
84328391
81053929
73936602
67432266
64430472
1657215
65749113
3915947
67646729
72241684
34773756
86139837
40281301
2085474
80205750
90266635
72540377
12737049
38004413
93063777
97523175
40718290
52984397
9304068
79071515
12312432
18796613
51812268
92696045
60518529
98448599
35415446
68564154
98931173
53196238
77221081
1334334
84637287
7011406
63625859
67224565
66601047
61505186
64361396
67002373
61908519
49904849
10782295
91769783
23739692
57782599
74637002
6341497
34071476
25271660
59780888
38265638
40169462
94654341
77988836
34857896
45310524
49749581
5061704
61035443
19919087
84304069
87764090
84173367
77290916
87963235
52194789
10809864
42501007
58405946
36336427
15132695
85336531
247638
40218423
89880958
25113336
99747545
95477109
52958990
50410375
43897438
9589583
38600854
82357836
94588128
60710782
22106069
16705588
88227164
74830102
79781489
40573959
49041445
46859939
55803359
8460190
96865726
38723678
19272792
96529922
96155884
57171142
2774873
37571381
39682499
77001785
89197716
77523628
42045706
61208779
84277673
70147819
70908465
11537349
52529351
89571940
75960864
91898199
75387353
10072591
243726
8116624
57393090
81125833
35371982
11757704
73955905
51605747
38772915
16701014
89227740
63698285
25914311
94658528
20462535
94373502
75496141
20029893
487108
85017060
65099263
65990315
32064482
28354965
29162719
53461328
23136410
96581748
36361573
83445182
6206147
44363937
95724608
15397562
33875104
76841398
35907950
27201763
81471923
33436013
55716970
29204802
84148317
64645386
65684554
20105859
36048072
66007750
61048339
42541936
41216211
99492034
7493866
28461953
32529241
93764940
12850551
43414040
99964151
24714315
69216817
75068339
67056279
47316184
54967210
72981297
48155442
16510984
96541338
54914038
96786097
83677243
37583367
37949381
28759950
71007373
32450065
2747327
52116031
60271766
44745669
26294998
94501661
95440822
51199567
97112601
32815229
97631036
43424084
56111425
21605689
71087398
81190041
91259517
71398822
39700764
63222396
15361855
79277140
1915756
19062277
47804258
20264926
49609416
73196618
89865492
94420946
97346870
22068944
23199101
47985524
31722508
55584791
66469248
78587207
33567060
39119807
63143871
37694375
91110837
94036232
17097265
24864582
27355420
72518738
6707193
27774789
85310939
5794592
10774281
41493861
51684156
88803267
51535247
37143094
87694024
1562701
56067632
11124196
91847861
97954186
9851651
98347403
89837705
98896831
98281794
25305189
8840245
93932236
47087195
43665493
86922386
23229883
18649283
10305955
34540701
87198362
20208771
4361683
31007706
58080169
43171102
48441287
43455788
97590391
2103585
51939787
63905627
30013179
14585913
13390705
38412359
61021094
60167814
94537573
54194030
29007823
77310915
3879781
74946232
16390318
36574571
78287902
36196581
89356959
23884674
42017153
99851245
63390835
66205705
91939231
24575530
48426629
47458990
31123752
64659810
9116961
17728950
14982214
68019300
87914310
88140888
11574280
95519131
10729532
58839081
10479363
72421183
19081960
34933852
57725058
81555463
4365273
56377226
9000986
84250805
36268778
59142771
21799285
42690984
19918754
54447540
55866274
57179383
60120355
15795288
14798629
20273994
39375897
7681901
29497621
93073504
85491003
42911239
48664064
56517686
75588639
24635400
92723322
45492910
80975791
52359549
45989098
12955403
93521601
83799608
89267206
34779869
31593192
23545535
57552566
17682853
61933840
99207089
8018325
8486399
64571103
53781958
15446626
70423754
46175260
48384796
92037455
8248856
55738999
86808865
42734369
82112108
49524614
54152075
51711272
32891980
90889794
24141760
9459855
59355277
17501917
36810938
75865550
81161791
43572854
2366346
79807040
86040038
96318642
11234323
57499120
66488226
19878102
60248054
58845915
5777665
67299088
89718499
61960579
83185069
2200898
66271664
88632519
82310371
73898467
76043649
76770007
75727167
464883
12339116
62945860
93169802
24511266
89155070
71477449
20530118
4029435
49054584
62642651
1587191
16674413
83187388
15930659
82161824
61911619
20309837
83192928
64852380
21713600
4950357
98903616
46436964
54242560
95865975
84165961
74804339
46306618
31073127
80714864
37416251
12273246
82281824
70067567
26094244
11204378
83195474
17997625
96461626
97752507
93966743
28516674
51549538
62954900
70912702
33815532
9439165
30990373
81629964
52315561
25722347
36418832
89414593
18827708
32525936
17606161
12167102
22438523
18389040
18592500
11600161
39604903
73781277
88271293
75915569
56958904
62061819
15580795
68940155
9904598
35953234
23476076
67867
24880162
54218901
68560509
21353717
10411712
93414710
19947886
55684758
39089449
28883892
55074641
45688299
80076064
28876264
56910319
30632107
99164208
60128075
17286243
1271522
58934267
46972510
22913208
76090694
31053431
35095031
63962043
8581391
36317045
26490243
49244440
35186216
45848742
28159205
89052045
42280329
97135576
89044483
42932925
27938984
67945014
60552126
68642234
87784644
4202729
90809593
53954313
18870095
65735351
62703642
85320705
25419573
59935355
10982562
26259048
73470223
2939625
63088344
7606346
59533889
84584696
15655650
82943167
12428416
91148354
42588923
62672373
6396622
6851264
40733692
27852479
32079377
13924954
29138298
76236572
39187347
24721533
73986074
95183151
16962123
88412732
75870318
24645348
58004532
32247792
1313445
55081186
4686023
96872090
30242018
84528028
22404837
52862475
11476230
14803212
13007889
57198046
38615702
58107890
75542088
11463211
24187402
69011285
64022359
12055581
82725023
32025383
15591266
68429580
37242914
2607480
75122572
24585948
52441640
49016525
99870880
24506140
99984915
62022356
97327368
22824075
60110784
66964259
70894029
31518622
54180638
57453516
42298627
84575813
86383349
14986951
46713805
40557074
85203250
47126823
94765283
70436957
37469891
5604066
29612094
31585745
5263020
34443241
62549239
27204622
58928271
86219483
56183122
29361691
99789555
29968224
33374673
71292113
71267671
57340126
5773025
32853223
29746643
83894189
56753724
15884409
78988219
76825400
31361238
86555780
74567017
2761460
81023420
86866662
52078855
64879294
55597307
13201946
12197985
37530236
236499
14764059
21596439
50210297
46849595
32442544
71064304
8995087
31991328
71248709
61679777
34033343
26054164
2318202
73627039
11222112
30286480
39223334
21909145
93884043
51938390
42527374
76395360
43410296
9481606
26061513
30975794
79453219
85957679
49888714
30563967
68138674
65028320
4465919
8802890
73732101
89290730
85837823
93788136
61393929
87908937
62383265
93387792
8875392
69725054
82190957
35202291
2190352
10080638
89106827
49549694
32247809
45830052
1405014
2757947
32354179
31046986
2058352
83147242
90636622
42584529
85851976
89936752
87593101
40733322
4303006
12355791
22440769
8988007
40663416
97032530
13321895
63319887
4836800
68549648
82780208
46024388
23162242
58795207
86112821
12207868
37577861
23276944
33067342
14481773
21181379
71219669
44601059
33714136
53065480
91254044
42153577
39255121
41939178
22940680
60350934
65835940
70986659
79361737
13823225
35566516
54382664
63852055
96418152
95605185
49996601
46215364
20637824
36757008
19000423
1223963
41297203
90320484
83613980
46855007
26647044
21036326
51147878
46686935
20633095
36772046
69719187
67199116
73510328
9272799
8512085
63559161
530992
51532249
68805571
68983893
70294793
25877573
21386344
69852598
60739756
70774700
25643406
22458038
9989870
18302534
11873274
51060644
23827843
31878451
47486802
96946041
19946298
33323279
55472590
57267029
90582570
40203810
61556394
67831415
92804825
42297194
44019006
9783095
63921661
39699490
10010909
4693353
35616663
24269040
91288911
57447161
73277340
75833334
52990496
15749385
73947613
2274423
54279081
23484787
67252334
10599934
64434606
68575689
6843675
50899204
48622136
8950454
56704817
54671066
20110938
27676841
29598497
21960633
11206353
2650562
53117049
91803380
49161201
61081166
20970983
66107341
39520907
35380243
57281076
26065297
19377084
28107410
2807929
88742244
60236206
42661783
50006638
27766769
39557767
38456604
85524763
79944039
33908754
63690703
51216949
68228456
8955988
45769037
12983234
22324578
10485084
53069867
3040459
1936944
13718067
58197271
42817248
20765403
83412993
71182006
8020201
62454971
80158271
97379427
92365770
63232803
98291399
95030633
88593391
99440069
49139218
73357709
3115940
11276803
43363730
55499730
54273215
46236179
97937403
63156240
84283828
85744819
26760420
95236170
1170438
20164717
89812834
54058174
89961723
25689903
24827174
18720812
83956258
62678581
36719513
79578321
20649073
79632114
47608249
63029750
16701738
6508171
25788266
15021672
92723354
75610768
44867014
1654070
20513646
21239654
73988803
20545845
41112467
97594430
12252868
34517664
60022457
22656125
7760918
9045589
11385890
8368745
12896098
8998116
82176873
97075220
69536525
54598382
25928823
25979985
1931402
11161532
14806637
95760229
56443748
85857294
35823564
49918373
36837368
658946
82019493
88928423
65299658
95909974
45869002
25678242
80858542
76303661
56629871
12024957
63530570
4722682
93057514
32503631
80057591
39814577
73137440
10593631
15640134
5772454
93732390
51921837
76197322
27875211
53346050
26142344
552927
97228059
69216581
7775841
1898926
59455142
19149956
25438065
43256895
48019384
35107985
95584381
29934712
70791509
40493388
44503152
33184740
21056753
85421394
45170722
64440660
67170202
8583089
73776894
57418059
7610380
60559670
80267324
91196836
82413210
99914588
94742757
12633436
13460716
54544359
52542304
9564476
94568888
66138087
82073713
70916931
45871475
82916026
36650871
96723550
37837926
50891601
84149566
85647653
25784935
47538086
15272826
63782494
46117836
27236147
69217264
38031859
61585653
47020095
45097249
74953616
46466200
55975807
93328499
67858336
85722763
26208568
60794645
69426562
62256557
67986048
51659726
99807013
39307255
27179786
72523648
98689600
63795274
13122590
36179847
85806945
29190764
77864966
84670322
93765810
49348675
88654638
34523165
78894481
21921422
43779785
8454065
89174718
39666846
90994088
41321361
38075633
83230960
28428102
66430732
75751536
81181354
83754738
28430020
16320581
737262
88409692
74259968
19418798
71660149
42891715
40466679
821607
48785819
83799038
28108304
51963673
65166421
25550126
47042373
50222850
68775600
16226351
40084533
26854810
12057397
55927875
8695947
18269965
88112062
80607746
84217178
19869871
85674597
81429239
38001784
9111009
66133872
79254716
16617960
9788401
84265192
21350466
2277282
34876357
41093367
56453730
23663453
56738633
78074119
89815173
61050741
53675784
1475063
71710886
92350425
12301802
37591462
98189821
54780884
50155259
36214293
56913701
26926664
30602552
8434999
95184355
13423932
54022978
25943124
72142893
23705040
67027830
22331863
87190027
74691816
44183845
77089708
31377163
24694562
99267067
43875470
37816158
19186081
75259475
40465524
37311902
28683875
75192442
50885570
90426560
55299759
66818453
12006515
9633841
17782990
91234718
12045066
23605480
61899410
74478919
74448159
99960390
58818073
77551131
6577527
39521831
817809
49021340
86434366
26742843
45888221
10727057
2324797
18312906
57908144
57903471
1956164
59753917
12626409
86743275
25137448
9913686
48894035
98080275
62114363
2983661
39086810
2423963
98796886
94870803
82861860
23603068
24479725
33409518
44958693
59761427
15807433
45548977
64153823
36684919
98368095
78334833
5281968
18810216
92767322
74665684
47603920
25429730
84706459
69332896
35031267
92137955
18227189
54392291
28514027
29145921
18765757
24621645
12343268
41450758
64760117
58939159
68415994
37199464
92916251
83851843
73395376
9870063
99520723
11241212
3257472
61024027
96931517
79062185
14790639
33315014
40128793
82989240
51898800
28314701
89817418
18430347
67362502
69271129
10614948
66664565
98883488
31980493
20408821
34527569
61262135
41902717
28334283
84460416
48853438
70331435
76651775
15088792
2200990
57050706
48479293
78175828
20260129
40576751
48639453
5068987
94280253
69834816
81803671
81442023
89645154
1111067
29346152
76553549
12159453
63896625
37989521
54331911
28835983
40740018
26636339
92663656
64520182
90780309
87218124
70577141
57109959
46034631
8415998
37973310
45679904
21755883
60344202
44656548
67519120
30483667
75368180
29943435
60406250
1323117
17874511
23489894
55948000
50570685
95130032
7725329
30209792
29915415
37703125
63252852
4026569
10118040
14251203
70691804
76277983
29740188
10113240
65264144
40985013
90790046
27263923
30389430
57533740
34798137
32563681
8897631
63800184
64855668
70150787
50798480
77825425
20143401
67397558
26339489
27358062
59774688
28807391
16084268
57787815
60393762
52465825
99303115
81302693
50350919
46005871
49587916
19594069
40520609
64436230
74240183
60199287
11352165
57183938
78715644
55136642
18854807
80326143
57007386
97548641
34438189
88924444
43498568
5595126
2985973
75890428
58424940
90030626
70254423
32161552
34949562
85494785
4612297
68508255
56685993
17117915
41836730
4275086
62804866
28790575
45568655
1603197
74095723
42611819
53959225
93632278
88021144
28775052
69842585
73163041
89177185
4647037
84944748
66067926
32213621
49682860
89142927
58183590
55924815
24549832
52747730
20054759
28127146
67925156
34069423
12497106
14410655
5589571
50021253
70840769
21258817
34960936
57440810
63362286
97852643
47679814
70274721
42513601
35714183
35270033
78880711
35257799
58396950
95443481
89140210
60463884
21968475
66610656
79644024
69088536
4584196
93233346
67142295
41112460
61064739
18511981
22335281
17322713
47581130
92751052
58564770
8887619
18821210
7554985
96708397
21162249
86171896
89966990
50493202
5775254
45840253
38508157
2713759
57070095
79644140
334892
73774835
37889526
15802404
62825828
27711532
27929230
49613910
15221588
57609121
13992853
67038273
44040001
84191981
3541891
78332779
47747731
79944187
93443646
950278
75051566
32275504
31220306
75228115
93165174
2123865
62386764
74909317
74556080
4253913
63783665
6981026
57392113
19340751
39274401
72855358
88287777
43226999
73025185
19949297
71157916
35819920
15901742
6465010
93478424
20277251
14464735
20678747
26317067
95825235
17155206
82693673
57330590
92076030
87479038
33592191
89075146
99315089
48420382
37700483
21916808
86943950
98299065
40948376
19571441
54490409
99175355
13858101
49135193
97689897
63372214
87799191
37792918
45924825
82721261
47361305
35618436
8668686
46931497
4646705
82400125
28321899
37911399
15532594
49418451
24766437
56894435
50989395
99849771
55452061
94785978
32706575
22084300
22982465
20331427
43126341
41732506
87349750
59968619
82253953
54743786
64003415
37995827
66520189
45430556
39148092
57994662
96066200
12165892
17087980
23260050
55775254
44649342
59585131
78911732
56716998
93243206
35448621
25507885
24322042
64544197
59962801
67148079
85156208
37599387
71635417
55747655
8989691
97202432
76995055
77878469
94835749
81329132
32125071
54380309
24852030
59771506
88573712
77503175
67172487
57774438
26408933
2428669
16727365
43861200
19543345
1699492
16496283
99093675
38033458
43562585
72570840
93393299
7091452
39072862
25013238
57989976
19964244
78706858
69987689
32411954
51831807
6874617
47656514
28113293
52187886
60670872
91751818
32261655
64744438
99585476
60637222
73434048
90608773
72470296
83245791
43601179
8426263
59609900
54918139
10297555
21758038
72019852
2071697
31848714
12369919
39377378
45682379
21669805
76177343
84706056
78205994
72984602
63855237
63873050
49392967
73120782
20562851
39854471
86502638
62828527
87382598
56279003
39928983
24387690
15695547
85158061
22062017
13459026
24766569
846529
59462667
7233080
96279602
54312125
28029437
43469931
78882209
70549259
59720088
52945978
78773380
50309295
70190912
37887268
28625522
61236487
16960850
59600531
42418367
6881367
67559193
49377970
71862368
52053091
54790668
58419744
28190094
38840896
30086471
31471176
54176610
42036561
93174663
7319616
75712259
62242551
12372216
1371475
35515445
6279390
77168078
74921163
70817440
98854923
24494097
57756889
65814808
86227727
90322992
22764793
70503834
74633773
47625082
28228903
4124302
54731734
6650253
75776166
4552968
59308729
99672078
6685960
76005360
83891936
12752604
37390582
17903205
24904574
61284274
47467626
67047051
7908574
28978841
19096274
23293001
79432464
24815136
41560813
74837653
72983288
80078108
84471988
52554452
15279069
92123007
46431770
76600025
30276306
35765177
81070834
52984102
27536237
91054187
13132015
55117998
38225517
13406156
25014024
57882704
91102467
17058359
48133036
86073619
34904302
15792461
27539414
6630218
79725917
20874758
69857498
34615576
65242409
67137622
16118603
87649842
17195599
2120714
61145955
24332375
24181302
98557487
55555301
34421610
34888315
86418109
50719482
81431501
61289178
57043175
30699953
69609670
92408893
82740992
45547850
45605978
55189203
58255480
60577829
6838295
97443470
54237880
26303484
50242361
95735466
50091828
64203751
18723211
2215935
80415981
16915662
20517329
34886535
57659772
88951785
32041296
24623877
70556127
62185886
85366366
14416744
26319250
82098836
47886408
60967624
5175508
46740750
39900181
71915416
97236451
1624903
26032366
11509515
93566605
69101536
34132986
53066977
61342129
12172830
53876901
29881863
98243020
43422479
32752406
83218178
72808703
3146339
18021781
23238758
58770255
10159026
9909815
13601772
37907693
47091486
99749001
60797329
78187774
65578211
50914675
94142981
64729044
74456133
76129888
85385961
86527543
93772459
79469021
7027949
14529520
93164582
47493216
38663158
57259698
62549177
6405466
81002115
35442375
17093222
56642084
17380060
85334540
8420988
58142036
61280758
83187932
46569405
62613146
22097634
375126
45523066
30647716
89246562
33735114
4263471
81619143
67359817
69283975
16136432
4460276
55718800
13919136
74331088
25947594
73368791
98299477
23831355
57657184
46834646
52232320
77385563
43769094
66755545
38217914
50238481
75214541
70572114
56482844
30350774
92896693
89225112
94598111
17149229
23784993
55139244
54591323
76607189
82966058
41573785
68930244
130989
1477160
42877418
35915923
7420976
69769679
66025235
14114093
10285050
49666122
88419538
87041896
94661734
89566743
96249437
92546327
44393779
27604008
909073
39369372
33625172
76039791
3491386
40852417
52905638
7247893
74485865
18689927
82986395
82641993
62945224
91460483
98332807
48183513
52919231
50031209
69472684
26062626
11185377
50546868
95239051
99024573
42440145
82043941
81997305
43560630
69179264
97028155
16127789
71786433
28107550
29808903
32115262
5230618
90527543
55925283
93048210
94003968
66971672
70007975
17212253
52634776
63588103
95290297
24073202
99467807
9051367
91870757
75423812
82520606
96183337
68076527
2195800
65442528
94922597
61785243
25152670
65326874
71096661
3291443
89451112
5351645
41674969
1344504
94478393
21683934
40889020
12390882
83315812
22925626
3882652
1106997
51614480
49627439
74621598
28737232
3606668
89852520
78888077
92980483
74317878
57193755
51020640
28354935
58744169
76282603
43049049
55167768
64661795
99751297
32450243
68496952
24890668
89193373
68354811
46878151
5870070
2118466
45996685
47655528
6723678
54200528
77300671
33416340
80641701
30800287
63204046
59340237
21096283
67076190
75976408
74515760
25963125
57809675
835181
89861087
55858213
23543457
44031119
97639687
93558771
79178992
81294410
30184037
28674892
68369749
55806794
83105171
76049923
67510188
5483587
40263286
18307953
75967926
26561528
78845488
11343092
37855929
86302049
4727784
6256725
37633214
29581895
71658828
15295044
17380965
58196240
71022360
77608224
74031835
5774309
70957258
9078487
16762629
77819514
57558923
94881312
48558947
89966215
13265422
49021384
67341356
63528991
36896524
313403
49935862
51329291
8637671
91940704
33557529
2652640
16591014
46125013
96487813
46337099
99274519
42774199
33188066
44469308
3529040
55778187
78781926
28847193
52829635
51035387
31011456
71331499
86172332
43372406
27542705
52805859
64795767
8954107
6492352
32086765
30746453
42149034
89839379
29457800
2783641
98511736
62934355
66022765
75028970
101947
62350301
25325471
63709927
793006
3382680
20047335
28513546
39037268
67563865
507208
27180583
26214386
47085771
44065491
43501165
28740125
60290917
71952459
17910581
18755088
50310548
89128669
30240455
58548640
50582477
65828918
89896142
85693184
73974421
8630367
73261703
21005419
1865662
7023149
47640441
84564294
70369184
61079086
26210562
69954477
33400596
99498069
65842629
61611890
51917147
55315119
1902375
99841379
72121581
13370902
17621716
41461989
58484633
82699419
87655686
20255136
38732892
88301934
5387195
6571893
9438139
84246294
8095568
93652329
37921407
99157664
63676299
70631428
34289065
49696629
8306030
23675518
5011408
30829009
34759359
77518427
68038017
10090297
32546307
84762975
85499305
71420758
11812137
96556863
10337465
95112503
64147679
52228128
95052730
60259262
89364757
88109242
74309973
8290062
4446203
25385541
24092145
55977553
3106601
91258379
53767854
11243019
96653307
32082762
8693231
28922832
98495416
3764769
41001956
5729486
84524091
46843181
12131375
51900869
55198319
41431083
5998593
62464849
24381930
31528679
35351185
14393243
23453062
14327496
97445492
57442806
98876802
9773201
92456045
14100209
18886158
4878141
29326293
75480945
92176823
12596852
38052117
36292776
27193777
79337792
74269644
71912100
80114612
67553901
19758776
56068153
70961756
58020546
42914384
80873344
5182149
50887927
26923380
83087597
30704371
48195706
62554476
31558127
50640152
81426372
81373625
58588406
25388010
70563821
41371221
36535923
6019894
9913137
70706997
7999102
97929688
86786626
39909821
844274
3985078
38209186
68470140
94852677
42468117
90054382
23889615
86442454
79494843
55394551
50843801
3174010
58649301
89337889
55168802
85376238
28358090
41331457
51762035
32232085
53384832
94772865
22394916
63214663
21314736
91429026
90847093
9393938
89322558
78515827
94853686
8639267
98534517
2946344
86609867
97897954
97990320
96266921
64316766
99055542
93605174
33355557
800684
98139522
21388666
58399389
38693102
40799616
90652564
14095098
24768653
1369436
20021115
3073744
10525932
82742760
78539279
93277235
30841856
46945256
14688850
71415663
62229005
31409457
68747488
9866426
11015585
18776751
62029873
45425882
44223203
84108607
99860115
50485221
25427216
71859717
10308237
40933576
17742201
55851734
89033756
48007215
58461161
16920428
95634700
95990070
10128177
23155922
76113129
85248246
64457132
34957153
19958231
75968444
64847590
39511592
91847206
15586959
62298376
51713586
83373116
67848226
13548562
64796602
50671569
69304028
62679732
7701365
31380398
23149378
25171156
35264535
42130580
20294836
76962256
85959015
17166085
59679336
20778692
96934042
73230850
5158731
58694896
69700506
47943811
14100959
24795588
16897596
74288039
56432358
14510772
61640160
16945983
87211721
89390123
25249660
13905924
66333041
25247549
23169168
35346649
68969463
60746149
53500205
22122062
11358330
33250241
60528858
42403740
99282197
73391631
99409023
65671007
1174397
45308051
55889094
55438548
56035061
3734380
88937684
935664
99184017
36989087
94585754
25248739
40423902
80234997
6771594
17348829
6478686
54708467
42367891
81642399
67321884
33078452
20001160
41117457
81730521
54063184
58410332
81550671
37926264
23639190
54502188
46183622
29839666
25970204
85260758
86810035
68395099
72289186
37551565
22369620
44517124
57677438
52926323
6317238
45340759
37663440
54416835
36418630
50116592
66954553
618918
85268863
68472170
96742168
77776183
86298684
46413974
84890835
51353993
17836793
74812978
84757721
34522601
20997524
87150598
80895269
67642789
15572062
52126893
33447373
48408994
28271399
35733472
9811751
36464535
84529124
83187195
64462666
34951075
38780811
33374508
45934581
19042293
73343521
95228805
78110844
93760117
39985373
56087613
70825965
94935641
83135241
53406992
38166479
96324925
68156711
34528886
55576000
55357002
83008926
73695785
21089010
31918961
63579692
87883698
92277269
70411119
2491992
22720324
70337033
17582882
5698152
44522658
85670159
84915665
41498102
49887755
36505659
46441647
12213881
69987530
4771730
15129494
74311803
94636916
17729097
94772225
20643605
97560646
24212200
33705303
47772033
37523306
99522480
39022772
48321599
72296793
98760591
39468557
40705235
4274354
93958926
59261905
83136737
28594661
44318686
77867987
28188222
79345862
57664351
49604201
48404730
17747014
1922897
18945880
62632810
54796028
70703785
6230134
70027552
35929855
92794870
1918044
4459048
37656248
97579611
43505014
61436236
81449687
36849658
40286690
73881735
74700287
92908492
75869069
28588660
49098481
93600960
48257018
39833577
57030761
79978885
49113994
97894015
32367749
1928363
13449180
630494
50509086
87557818
5061492
32494512
52810195
59655220
92138463
28354470
68286380
78706886
17169158
38544023
1159148
12766825
87264621
60401916
36099762
20224365
28511580
26962258
86964434
60733716
93459343
70318005
28209728
47837252
29269739
79924393
57290872
70051130
49461835
39489786
95283007
84873872
2825198
61082978
19692763
21421785
37116896
50021821
33884774
67170542
41239691
80998735
2170888
53571103
33386489
8385486
47271793
71800373
31750006
65022959
34196514
36208925
66723059
41699749
46995545
27887906
82736205
36743398
12084906
64504692
72209666
17127334
88570453
57684517
96803040
81244158
36031603
15163389
82838646
91231915
32059013
60408348
59472627
40598231
40860282
68833870
55232740
84650076
79265806
19160776
38898526
92856188
99467239
62956668
11100238
63164595
48460394
16526963
68759396
86597859
70757099
8466735
55178495
85136761
91212215
40804697
90340545
79368750
24204643
29504686
10774150
24160065
2852233
684100
65195532
21073626
79575463
44027793
73112351
96743072
78364924
38209131
56982833
54082510
8756764
92458035
59030102
4797611
68479809
39544415
13278764
78381438
14922077
59152381
80727144
681056
28384775
64005755
41364472
24157532
60700637
58040230
83042392
94815223
573269
14267758
53013757
97586830
56477237
6990650
15094825
56030559
10969461
2340538
50865136
38667823
46814487
5459552
139446
81533083
81457332
62799247
39228376
82046782
29684715
33835683
72049793
21714524
20717362
60027740
92655712
8616531
79912186
24298296
94116961
98994773
69250879
7285708
43677324
64699474
96654244
54010426
29590595
76454364
43543637
81135142
96072160
68162748
20299739
27668769
12351635
14103682
92761412
29837627
99195637
6271834
82468215
275850
28588687
29146388
39084272
14355893
21187272
53715679
72428540
8543690
39562981
96611228
59714328
29092101
87245703
15937376
62880952
39987347
64626675
60446071
39688700
14768797
5502384
60077318
19950773
6227029
20387092
26042681
87408513
47607038
90093795
87523500
24180647
76855510
55659098
24399083
81817610
8774495
86671745
58686070
34772918
204308
46059449
31983923
29021571
68049978
2962864
80763335
8887689
1184055
81746919
12585073
62519622
28291855
52857212
33189394
29934199
44207566
82779332
37297760
74746448
55677260
46503828
27882200
65519132
59722657
57102628
87621932
6604864
14839533
72733551
62998585
43269079
25577824
64549217
93158756
75984537
83393826
3113868
98795019
40306972
39148602
96517972
19780489
8585740
9091390
53537942
80870644
30048468
21992776
51719200
96169799
88393111
24308558
99644835
89721552
11690
67147782
78443526
81733026
13032589
21106725
91488587
99552882
84001915
35110395
69404109
11631832
83784020
30280601
74503927
51362639
64228804
35510256
18609179
52652959
70523821
94666971
49417678
63204829
32121678
22032075
16265028
87853504
9972530
83550263
49990165
30876278
83721434
53670913
56994917
33966704
59758558
78804927
57414825
53235031
78092090
20047474
221133
43842514
21272080
71932480
25493281
18998951
72080730
23857765
67695944
97970578
1748992
80379852
77511655
46281313
17876674
96192171
27237626
14733599
1084805
24274786
31866921
9025397
78844647
50446370
93727260
14464773
19271845
24384473
25760863
44706873
77803249
17548754
54981878
63169175
40296248
33343100
82462674
16967799
66548582
11576483
8501262
71764257
75676736
44021652
59120333
74405618
18007630
79511051
42185676
34617231
69725297
31026128
58299682
69549995
70680171
68691984
15242167
72564804
76517970
55665719
71722217
68994095
69841829
30737717
16913071
35604132
66654342
96400984
72106202
70452716
43314626
74200993
86801031
33261690
74256389
75829307
73613652
964161
30630682
3410212
4455597
17263621
67480980
40384558
79641311
14527985
18416085
22779102
78696464
92632503
4810009
2990077
7011086
16438182
56505736
4827050
58461430
95264827
39914165
96811485
96133630
88053710
12707591
77047310
18324854
23210273
81998279
86505590
47009976
95967872
77304914
83275707
85667261
73748667
1605618
32693291
6581136
40211341
59795739
7666004
29911065
84285021
40416644
30233789
48918531
64817063
52506085
92590432
24869466
68447332
27717279
66877072
67399723
2376381
23411639
94737686
10295004
25230423
21753177
54796551
81508248
33343113
34528432
52830922
25403499
44615996
18551926
7493640
57066696
57238747
27947185
82070037
95591850
87409178
79046593
63121873
44675088
67348929
3051095
79370766
78661499
60553606
98555652
90667982
35979036
63956461
7034816
80858374
775344
63861990
2040564
49711080
46071719
13573768
42878495
84077554
94193989
66038808
56138965
80371343
74894342
59400089
96170124
78895271
36741344
5690659
72929428
62115646
71162277
53918816
80748979
73469110
48583976
72706444
87466317
84183062
25267984
11742838
75748293
98459599
41876961
99854499
4419539
98159285
97578072
715377
31465925
60973482
72373512
59659232
30284368
38179817
32481907
25356884
82223523
45642121
83880152
6935921
85773712
82994810
9208041
90970857
1063388
75157010
60262858
5614926
62641099
98266104
12939965
53134715
24308379
83106763
37052925
20418997
661741
39040171
91428319
41359499
33498931
64847424
22521389
30162715
20800744
12826414
21197008
59007517
2062525
38758302
38879079
41904477
30229459
57076033
71244329
9165772
85795245
53522119
77864320
47460532
56830114
77968808
80832796
73687839
94238431
59350347
11130131
85513988
88414412
28480447
6366089
45575717
73045539
15197156
18442996
56860729
13730304
5332108
25419858
26468122
56317977
59049453
53906222
55047017
8847578
55929467
60993156
47902534
83183165
67422403
3453370
25503320
46771739
76381607
6814672
3575607
6116209
24138218
97614316
52282807
92069082
1789831
60052429
38554805
98031553
542472
88686371
11392426
77310282
49797087
80650978
79525581
86708788
45224989
28997835
74776470
6117601
34515334
10295381
52989408
94874898
19809737
7670038
39889735
32516220
27820761
9677080
90114731
31491355
50177925
88550292
56331138
47472260
1481376
23640238
78776655
77834338
38640536
97085733
48606305
11041792
90751273
70514917
59703686
1249323
19595632
92820476
30408354
75938575
3451539
9014582
65341448
29167786
36749170
62716933
66937788
29119481
3972006
50287632
77535350
21795496
22190493
28201713
27600729
85202529
22297276
19722159
93639791
5690413
37304139
40453699
45693800
75700783
38243672
1543818
49270986
8239134
77537143
50747112
52417000
64725327
68790175
3906848
62302086
18336734
70975084
75511844
1169048
76393615
95294989
50796698
13716554
99968769
4931045
85985435
85715364
17872538
58569302
7957396
52164940
32065222
93202006
23867398
65388849
68676080
62012630
43802967
59887746
61967323
90484418
55048028
7360100
54129911
49786616
96990849
22470028
95933984
27685933
49163940
73039057
30160239
91278113
26736328
85023847
58498404
52932154
14126581
45435648
13861693
38879078
24375058
12022196
31731392
17371162
85009297
54230222
57150008
30818593
56300667
89245931
66290527
81524909
21643559
3271308
54780524
77162860
44953732
77755270
7936131
75501844
35455476
70929188
20245987
69622543
53292432
72483908
31799978
48679556
42288966
73307875
54197671
74152277
77082296
50316892
27439122
11668575
49103992
33981859
16659907
63969165
35030386
26901083
76277815
2664854
97868313
97545479
74360371
72331919
84919914
35408738
30118864
48592951
17374148
58783229
45552997
2216411
24049291
83638559
9504588
25454093
11585876
95085055
66990735
83318131
2802488
94282148
59940974
38471160
16255176
92360624
69220364
94981960
7277657
23773935
17753923
75377652
80190642
2944912
42223810
80299998
81659854
56757794
84939129
45372246
31403038
95093517
47066129
92162190
26253256
72225265
8172785
8794364
94546935
5737282
93839392
50206625
18137136
74341037
45156474
66223445
53981580
50923520
12338901
63886478
49513
20564143
85695725
55096476
84251970
30253302
35306445
98754300
40505472
65885503
26168671
75822908
89102081
64070823
50569268
52915990
42403666
7760223
81836021
45979725
8710150
98814431
14340052
32084090
64565485
51725912
12689182
20963489
39325655
24970355
5444475
42504847
14920283
58579950
15032396
17139114
11154687
71217430
17794497
74622696
72581713
53588251
32198982
64678769
62745797
80346119
69836993
57852318
30014326
31893606
5658521
67048429
96885544
48510388
2828195
25415693
29137698
21916748
52599245
22453788
79541350
3952835
37870585
77494523
60051003
71987429
14872994
432495
9936433
32293648
20430662
58299015
7042658
68566738
83587731
91239910
93242232
17470584
19156232
43765746
82814885
93579375
64514706
69698080
76612843
72483379
62573817
22834772
73133150
4857803
32803137
15421152
11651934
17815088
9649342
61925509
47422997
18026921
8941057
72839758
57781573
28276837
89434391
76229957
22208456
33210144
84198689
90480195
81927780
9109868
52507475
10195973
33445928
67500096
11291520
41274268
44782166
89542026
93400447
6975873
44943116
56520637
99280800
66535710
66566214
43835592
51016645
39493895
60006950
47776614
75221235
74102770
78652121
95073735
95465441
98995577
21465442
40919431
21653910
32992429
27041720
51706169
4216407
43559915
54966879
4237452
96180165
68637755
80287588
14064331
70780918
89367906
6533043
50852980
32420415
40898242
28588534
46646548
50187654
86002174
99870396
49758778
60807162
85415576
21298647
61415936
37391415
42248183
92997759
62506089
74084680
10615743
92502369
16584562
1959839
7060771
45361204
59331060
94079857
11188903
9687977
46272110
72558014
62780637
66251979
19038780
34528211
41519216
4494550
63282141
48512798
78794167
82747730
24701280
5068577
97762819
86508407
49260439
38888683
57115724
75149860
9241792
87122842
71080380
824348
91411097
75634088
88955658
15246664
7080294
90920919
97781797
27335813
10592088
94354445
10831278
92552166
25037305
96768487
50167506
90731465
90068960
61436965
66175155
54488585
88104290
42652482
53242530
48418038
78658279
85655600
106427
39382241
24462863
24064003
58420570
27339275
80615582
43459996
34759960
47014940
72419017
83048657
74049011
2032286
15372130
4247342
32233986
20646095
77898056
78013
34954732
9167352
23798045
972708
63685130
93586456
53092919
43996580
95601086
40337987
54183225
46842441
56535857
9933495
24843551
53984684
80487340
14511781
89999580
29862218
13067064
34167922
20663296
34710297
65064240
71082181
15485400
82935964
2992934
83571613
29051846
79315236
83001200
33588346
1501358
30084529
78010216
14442275
39513298
14140050
74903300
13051462
98654303
38849243
58652148
15217407
52395664
44579930
95130698
67980325
45195426
32543556
34798290
26679993
46183046
83551780
62353287
35065617
31932465
81725934
14338505
1594206
96918388
88323185
75927051
15310882
7829731
27931743
47901261
25033764
33927209
44698017
10208911
40645956
20917583
18328569
28433398
69245120
84423078
46150899
65836188
13755506
7704647
21453359
88245785
78386185
69931305
40603927
75716153
2999637
36374149
90587162
29908230
22731268
575477
77400084
64651726
12873623
74574794
6682319
97479714
25849901
78040806
57685965
37243652
63746795
24379865
11247615
11923345
49778946
68123234
92573364
63467154
54461936
77359318
26414583
5906259
78845433
69208786
48062722
70732115
8119623
86512289
77384505
42772073
24707219
80034622
49229573
56110582
59555713
35208585
17603018
75893528
61362355
30396479
52484993
39596738
22341538
85484992
51416449
16319167
3297509
62638088
66935834
51600017
23046589
27798421
18423111
28301496
19665840
74213248
15888876
84100055
32064570
19939705
63788864
59335157
52041214
70082394
79872855
51468587
70696952
79458556
89802321
76542319
86597553
56758660
13484993
42101095
7676854
7343217
38273822
37055127
79641982
48748060
79625652
29445995
87914727
29698624
24277287
96884307
14566464
35734980
10830437
6324702
83861440
18590548
18804916
57871804
1639223
40429021
42398853
65528999
4897433
55733668
29700645
46934810
56805676
88681863
96251246
69956662
39685025
82246644
72876122
93569646
2012121
29816406
24366215
4079311
72568185
71484344
23031245
84001526
47366865
23691721
50544905
25272163
18981947
126501
45518158
3774608
49267678
20276508
48221246
91538618
4992379
68529238
36028430
39391690
84261412
55622744
13064494
36787973
51622781
34279462
77296420
88245573
270697
30561500
70718067
70981951
56025558
60307071
69740337
60997559
32049761
826149
91546523
25238221
17492973
40742877
90494135
94054773
48528290
95633637
77653923
30185784
41402717
7564189
54577418
83436195
74296674
88083200
18480422
2995498
70561124
17828721
71714427
72489303
78425243
80843326
89434875
45301285
30627939
29643004
34902833
94446165
7586734
1258665
25780973
50046366
92778418
46335143
25445320
87672483
21798592
52053321
56835835
84769776
54072176
66455359
73295371
88641623
14083478
60705453
80838946
63273486
12298635
36716228
99965464
57347510
39175533
60272841
19331687
66863551
7179062
86584788
46498659
67397103
61923203
99848897
68434490
84237834
48305529
18927475
28226658
9239021
49788187
70345557
77497746
49034353
99349673
55636509
91900980
33258888
28032380
58510821
38842910
76060110
96571439
51545429
87247338
83298561
16657251
66350576
95915220
58550274
17493043
91815392
82672640
94727619
38037885
22603222
1406285
74413836
96097407
43487605
5783214
93348639
86563830
73172504
59972325
52760121
44049949
23109388
53760954
32658642
71734446
57562669
83065970
97881837
29627218
14349597
36720083
52910246
62442920
97741928
78408390
18077352
65285857
52145097
90528279
94375091
22372538
44169059
18507360
88986437
83915242
34607401
88690764
97327358
48728038
51906474
60452369
76173924
67855036
4804704
49212988
59082523
79992925
81742402
61823052
25129047
79599578
42739676
60270445
66051952
44204204
43804069
13802432
98845800
43827462
52098085
62162448
53380397
82798981
77872836
72477541
96971172
89610697
37768282
64993273
40261866
12826237
25499201
98610133
68170185
61392133
7710351
13334471
22887379
21582347
95664888
59835331
53986670
59574399
72812795
53869943
6364933
20597921
11453185
30204640
90118779
77505895
77744656
52217647
979930
50228022
26568733
23017272
3399838
81039449
87157211
70508845
66598837
36810116
65679392
77354879
68290994
29294846
38096247
136378
87157736
56767125
81696810
36208530
4625301
47356174
29290672
98130134
136352
87768311
33250470
80160901
72246389
16125515
67105175
1190545
44895310
96042001
46978772
78221250
53929379
58698788
67278586
44701461
56934863
93085752
74518013
75860238
6191490
64066060
16231944
40025441
7393621
97438756
76238688
25953993
14585676
20041574
72145478
94238389
14162042
2615896
84733861
82778690
99943623
81900182
82545323
68214416
17150662
60193988
75364762
3255489
13782599
85593071
52559285
4512148
64037332
45488020
48456200
38580897
29732624
59953881
58132337
53604676
76530971
44098536
17628817
98467185
72926109
88744476
24953891
2132856
80238438
66594180
30727856
74761147
46524685
10003090
25875014
57771158
60381878
45063712
37697639
73810545
19192283
74807881
46966158
16058654
44184865
21249774
73562986
59620795
73052746
1005372
56639914
23422209
48278766
41089641
8530743
46469802
40620013
26301429
52500674
68179021
26063597
76465925
585309
79641595
85532284
45452146
76113272
17064533
74005477
84568744
69721470
75711780
97762596
40560778
5249753
57735177
91772970
90649681
79625021
37662645
81970747
25990021
76490194
50483081
12673472
23394462
75499046
31642620
85371529
46456050
76092041
8975346
6054333
85154303
12382483
68820684
86480199
65514473
62627459
73280166
31201750
51899288
76905778
8590463
40763030
28518867
55041690
59020028
12907174
74259034
19881457
96012087
12109948
499189
32606972
78301703
15224043
53638085
47629998
5358531
43115714
88658777
43776203
68430940
89716889
7735203
67356160
16222642
5238188
24764948
87946749
6432108
11013373
45136835
43846160
82942232
96411634
61442741
1722685
29975684
44325573
76959094
38767318
99388003
5422037
34885642
2077178
27276284
82516496
16936908
7346125
92919058
12297897
13695032
13740624
46513233
93694691
91494784
64908340
50021940
70703130
67623371
74453980
55959493
89640393
94656179
90840685
78699943
76902286
92641142
21125611
39594503
33288413
16676712
76361544
33185136
72383646
76056406
23700944
46518301
81617777
60799492
1182576
92821572
7495233
93665284
47155116
89573917
57519837
7326589
95752741
19471840
66715808
30898288
75410244
1878716
13941993
84431973
74708607
35586807
98270066
60610935
1878599
25940861
14692746
23710513
70889158
96577394
43393074
94807656
50193366
37245181
12440219
52256230
25440924
35335302
15047996
22148957
6986735
15053331
76725014
58557457
60453974
31636013
96507999
24373799
93187982
30818234
43243531
46318169
92857760
10481658
25795222
23582187
85955497
18385422
49073825
20167087
63694353
11343425
35395965
17448727
69237785
17183939
82766278
5166064
40943898
45731880
21325772
94805737
94926984
9580854
78440143
35738847
70518272
94541168
24070442
19744463
39700067
27567794
30651384
89136142
67682565
79995887
98736525
7574900
98974719
34781685
58334395
46073289
85734178
91368765
78308478
16577267
28262743
31297338
93207742
43075434
97805823
88528026
17719658
77430135
89626934
17640399
20775579
48044898
36011537
17839822
90673721
92893951
19878575
12341270
84197716
28116271
15168821
49659588
53316123
23954920
96102131
74784423
18709451
32394693
92676078
1271444
44903851
39065354
99113912
40223258
84017710
90961626
17846238
62480864
10975572
95192747
86508680
29559120
70236599
93670983
75796631
43407252
3876798
23154199
66198395
99851791
26304025
50165598
98545639
50566647
51723223
65233088
65079821
99972149
55494334
53305188
57632421
73660851
42365668
34256751
67470143
35877506
49027990
21159613
57139737
7595461
18363940
57875413
87186220
45991934
43322133
15679471
71832948
9300095
31549987
792037
76514579
9773484
64289189
17367885
27195911
98435229
60594951
10943747
24131995
21041748
28952097
52050369
34714548
99916523
23433993
36490135
82431567
76629188
99183647
11774147
25591628
11645307
19122210
61771178
16523340
62852724
77154734
93924501
15686990
5713427
92521130
73615968
80808395
50706173
21370428
98471118
27043676
54125992
12385585
83079125
24094961
87904234
17917564
54532515
88921163
21633362
26896002
88843760
10938033
34024178
60449813
5988724
69256629
80335902
95489872
99784961
78969811
76094207
35886777
65188622
23590065
49345500
50326271
53152134
31678348
17627972
51714867
35705428
38839813
46355537
60977663
49519721
62407133
56553321
90197364
93802512
37077099
40211793
8238774
93901450
56863697
233497
52976651
61919940
87631690
32886809
15690083
98850158
67689767
44785510
63382701
61289366
62839015
15511264
46241
67562512
39057960
15176047
8422406
46081278
62181396
38748834
23855732
4510617
63147318
31711067
65496252
13895096
57018072
98420915
56121151
54237487
92784597
88978500
63830395
64123182
14435289
74911922
35713074
37403961
6789278
73868689
84438929
74457331
92543422
12168965
14497220
86919583
60426105
52590602
67198171
76146035
77532811
51737510
22919319
7743988
36887633
29042544
31524973
17074160
23080200
7808519
58419065
15255446
47305893
59814912
90062953
47237521
90988867
69460277
65663575
84098313
28746842
47387444
54579168
97203803
52110953
66153303
8954369
79424098
95240850
44412638
3398841
16001379
35750264
27231370
58728427
69682480
63079321
1956687
83743693
30849711
50367437
