10000
57248465
407548188
618077883
495399488
355306948
373666464
14054329
274336928
265179648
874954589
657373970
615075787
28242284
747310283
979442204
140853920
335239669
233640130
156148382
597128987
391787855
425157646
839317900
12483733
399093204
878701510
699236653
819148347
760720843
322434332
913174884
461636679
830443973
793216458
330259924
55365039
96995935
814504025
303290251
429444543
783333963
712484997
12671340
562251575
392608180
855624565
487833341
744073635
368477245
746878221
395344758
138921390
19720718
702261191
374984389
731722016
285850637
145754851
431828944
474144441
753890252
999846579
13986997
786085805
691722888
4869090
654066319
449218970
235525391
206833425
760555168
80794515
301655170
485588294
978064122
880373305
822974288
164728338
57162765
445548793
340563791
501223875
578546123
78046232
646933505
571382043
264620671
330453887
817619286
10153356
626213179
714604886
238128982
821444219
623699219
778082876
190948211
685041745
10049448
250009500
724055063
552234911
707752931
524245166
921566549
333966862
531637343
166067579
56083840
864869577
707371092
368678534
501225647
948655392
837210640
318403613
128083894
330755689
331910965
927603592
354034237
516678174
139358480
123966547
890323259
316529851
77669020
230758806
318358462
823025056
979741332
94569545
139349494
737129349
890323880
845498463
227034918
267587590
26866361
46998459
146336930
776531129
615718685
369880203
893275367
365264903
978843109
419485549
336477129
999568869
921225806
760144206
204437256
985803641
501397323
608182763
439568800
299938696
471620878
759877600
844764848
709319422
807356229
693830218
465634703
563871943
74976154
144263149
715035882
292950479
856885772
19981346
424314496
213345547
481394641
716416915
815867182
831759052
715595870
577633501
751053916
951065874
72155639
649835288
840417816
629197195
80203262
721545586
885140244
421547387
554616374
417908050
12822078
216988355
950413622
623463035
371334053
255923435
280007131
747747015
176895465
686022096
240937827
966290719
438424015
14232687
262589339
319320078
596064902
691694860
57821356
784915283
326649758
426691218
411677026
695753279
159971529
401781945
435549348
210353855
110085925
866918331
656954137
437389423
309976218
776835309
929083456
176934154
341064780
949905350
475122006
720829857
462249783
39041342
489235658
604084850
848665240
185462299
473894397
429157639
920830528
414325719
387529580
264270582
412230034
597223993
292200096
86258714
524483870
975114274
805998608
441675512
617585243
879984810
1409562
637228123
311964873
333301018
665531228
492768352
356392912
336947435
67622075
698308499
976576534
906130928
122419670
196441155
398635035
243200371
512361624
551256307
885090052
357116262
305588262
138213474
53311127
175182588
146238903
563707388
666087851
748507604
372791527
362355266
676211551
100243567
737082635
381792912
117310974
630837695
940867126
207612721
189352930
509407196
392686798
344382730
982880270
50283030
699357169
362618145
900745007
327461316
351922265
90410247
663250087
472446899
517649274
317494029
767479556
835057246
828880611
542570053
421624384
877496346
520827012
37662106
126820381
989267898
978176865
146382636
930249865
753672062
106092482
403490418
523367597
657246903
456037402
497704444
223996882
377492040
320137384
245338687
25003335
259449823
791440356
329652774
898517953
130394133
886834028
593275262
869630275
753251830
314589004
319342703
798972556
192905094
43936972
257702745
268500571
817304590
950638394
666370577
345852397
409681638
515653363
413887039
726113821
72406748
84420578
770220666
280323321
443795468
151016438
917507746
323921646
815225393
107087351
484025870
710330219
338845420
117008602
155424481
500216863
854084901
658693017
950354760
353350526
750770953
295197426
660117683
498937720
192960552
343564089
216570110
348150220
745898504
569439761
886127754
449654061
341275988
408266218
232992166
131451358
141651276
537357472
912811742
591890685
950687880
894353772
643256852
136629169
63895992
246035638
82619727
564661837
348715973
499929938
593055963
424121092
259350573
346522756
140104439
328349035
570244297
345180183
633989959
947564786
989900879
941090214
198283553
311105250
192207513
525698051
441701922
165489005
263504499
870237812
937986765
969266578
11052079
960304317
855222172
95781385
161825995
387509893
331177605
177389641
479646926
825719281
881186391
639554445
622968545
71379207
559436178
81977143
244963329
145471878
942747646
674496537
363690047
16300969
556972363
442474541
974066925
911797119
822973770
321814970
375506529
937683350
432495841
300602527
322087135
799290545
61486327
715153481
916442931
871184533
159708716
382481058
330030158
130112369
585745130
914826553
545977215
421406993
330978660
587998899
352112270
666685044
784593956
148074292
913324843
398354842
316121776
851756850
118705432
815000794
454669355
657162822
556991506
583637928
426177776
192741851
715005224
928340206
651726637
8356521
880185083
864754423
773391441
880443456
999331672
94729596
192488059
466895639
358715134
826231055
539984225
484460114
411319786
198061234
245493058
764264035
8407221
862372306
548057795
700388901
339994048
403735421
281288992
792936069
398260735
993060937
33935212
204003805
749153460
800489201
163239356
240738172
291710845
726525667
600193857
567000380
604843491
719934664
530356927
88936527
217341580
538642823
422501450
659705850
848381852
481508704
600835190
524415262
160833129
982018720
35373532
214220294
897331264
764084132
422042374
449219893
805576808
156106015
487533897
674887034
6012345
844630371
681998327
752665710
91220286
565979094
469578145
820234872
335213066
448276722
673641071
925721347
597990727
453040901
969121145
754721881
954162130
203504456
411211060
523445475
365562437
267173274
698393118
652502929
980277801
919565640
436529830
514232325
655312453
472540769
241098686
808854289
325274716
896732659
506957418
480560775
227018058
71773215
220854448
197611316
273327541
67887616
316794657
636083035
141644741
892746968
594242803
729168398
731184085
630897113
716443865
147713304
769988564
442188798
663195132
317745168
512214668
314540007
112186809
104507439
901170685
136808554
660180545
430032484
939407906
718361565
653952772
739684236
433123831
96687692
543878552
228812855
937326368
239827240
139177085
492757666
867717500
2991255
218522351
817485929
940138399
556130991
834979073
738055581
553941928
905512708
820440333
24245453
145307408
70711526
916986670
181123274
274383597
307487213
34391141
638340989
715436302
195645464
916996490
20727614
135852371
228823298
133146736
74305097
42287450
599142871
92056853
572901741
183608089
213439313
433843219
62139617
142871892
449992498
128063323
666760906
23022788
515605722
537796538
202528117
860759873
930617876
286111866
818911244
280555709
733443475
208294901
608018831
337312108
793826033
77996673
508642091
574590703
720601863
649627323
424607142
301734157
224441037
427074294
80999830
56218504
567322497
168313931
46537495
2659777
412969146
346764853
942125955
257842829
959760689
446222027
850241044
172641389
440974517
84254167
516373048
207469929
201110654
656583255
155919240
269282655
770384082
238906447
237138453
11829522
416819667
332870617
488448393
4429529
733696255
485653551
378402784
304658363
358191433
195661317
834065328
982740529
201983074
43466003
39882388
914575693
385455501
103131076
125811063
493697992
685107885
822461231
227708742
634450151
485379398
212824168
15423477
50741482
451438302
115048126
66026748
572138777
424107212
35695335
619606138
725274181
901247086
665273037
786251949
524173437
246899191
566993294
412013729
85992455
556523210
994010227
486374373
727108908
726145762
740849835
575822438
812659769
430793861
719492296
843695808
600364766
481766670
878520850
555960730
865411615
166606700
998359620
255618522
832602501
866118203
177039662
886615375
111806594
882278511
251464351
371868620
476286822
67700155
701691369
518093783
680057905
542431490
621731015
550412969
519350833
277528020
493444125
296795909
679067835
113258266
879467175
60387725
780145916
754428500
6984836
292760901
340561882
131578491
400421829
563085081
139089063
377851257
429223759
132708894
358901269
723025639
286570502
120620914
840137869
33399813
804204
12002269
369968589
384749743
531733221
388569132
29757187
118001174
375127631
126748546
773283861
534371367
834640534
995772906
888733631
903209793
309117656
915313792
814650106
133918295
245109717
967951722
758593724
683951722
577293399
833281890
52230230
821389364
380791645
577074005
340288512
394963526
568887999
55806992
691710082
599895941
469347010
732640159
889122990
912613637
261480168
290792028
203086149
343136106
46120173
548788818
722770528
483535885
616408927
931140234
943126981
732649208
242755168
616849377
93784477
719336851
4486049
235548876
169447448
231180829
213013306
990489082
586359073
411599225
832432899
763205155
567594219
829158231
186010348
304478648
516591953
779674962
501359619
46906260
416479674
532791836
24359390
63402771
270454478
132063522
524221741
458100203
890010175
314590159
888209407
833199219
519130462
854870783
584894176
523434027
721192346
990509372
441330745
399287574
98836607
937215585
887145407
414368070
83420981
563775824
732682663
318478461
727882822
598453691
116575748
212719588
538306663
845496298
60879165
16282233
46392777
586864860
804424786
980697552
213274127
781255892
637149825
430904123
423150174
62762849
414206923
853100127
544573955
213862871
675916331
229969073
31066010
949907692
926226395
160143861
572042593
391297437
61734847
487741356
602736434
246820271
778424379
311451379
338778577
582060345
314983468
524219796
610123639
292537201
526541650
823527718
307348744
646997667
281236887
912448039
449769047
757722636
889254660
346278878
227414154
983579066
777597617
45280120
996343723
38367340
503053086
72780220
265948175
178045227
178303887
813935894
834553646
874617922
919064442
775322153
879310760
216274512
901359732
327915300
984202581
309788908
262565905
193898745
180042461
651440452
411608907
137314686
266550079
998664409
338472318
774235744
165786856
930846045
259601189
242189200
768067745
295336
883902323
78890764
853874793
120233217
76961828
452343762
556055663
186351913
711083981
639324293
100274827
859352889
446205761
287699831
861587757
353837802
32466896
426050635
254585684
186232525
501826094
598709730
864395674
460341601
443261341
405347634
999664317
835366724
118860249
767901747
429621278
427084025
649819575
894071005
239562511
665577291
660953898
888523254
776123318
291522606
16645802
483641058
805539451
394336014
29408605
79973162
347014566
280940527
506228859
790895747
823483464
404876433
129006394
523091914
628975703
632792842
258130848
439644536
593068339
485747902
399456746
950537952
485482998
159429418
146972272
301295607
689369571
31084880
503137034
728715307
163766994
537823716
833831672
519947312
672723594
334501525
287956719
552552503
865097259
896090443
467609540
762900039
111720846
714924490
623753401
902754109
503224327
300390398
347720952
63515602
812118630
245083875
180331328
824931968
814355894
220958063
567943433
956438503
916122754
423952069
817978706
886628836
414314814
717751670
467441330
340908174
958178227
861515299
776113344
922678879
532695263
417110856
806235046
835301153
184984616
164234267
512019313
573965341
444957040
313915710
86439633
334931346
848741955
353608965
565472267
208502336
937472489
33050996
795242946
638343406
951689217
633589073
836500004
179713916
73059815
735544265
777706437
352968915
742763294
279184280
301802061
707696148
241002028
408576797
397132601
287058395
3925153
93428589
79466468
392554458
999091381
750122528
255987353
32463685
381312600
811538511
895758797
59166729
190646453
988552435
993904022
747501369
679365013
936717927
963432552
141131792
880360049
155296313
51274990
502932991
112350342
961793477
709366827
333009076
603152484
531793651
212136373
436196357
623355599
957617946
653217011
947229940
78414760
81009628
845261686
406913146
176467976
235179621
325909209
705661876
725501517
655967728
727926283
831970728
239330452
802045629
637634880
861589502
882741266
790084793
308397272
508475264
58603731
267027946
206827170
402192951
401873620
839472984
798228150
566200075
891320444
746213853
85136491
330545675
400200075
538688536
912381221
494675835
773830095
227690199
655847253
992919834
692902415
420564400
433261081
616246793
298912701
291316329
893123745
77110246
724443598
806444942
211445175
904657859
417903494
736378868
16531098
595989548
437903593
21160682
864023511
995933641
727267224
106562881
746568397
682223372
434865885
529271498
791606354
383409682
23582023
59429887
975085048
266853389
652289362
789566434
679518484
120022099
357795307
373239300
697315129
982982675
327582261
449361537
434809675
807291312
51736539
865068726
656107415
674693506
637673077
143105015
114949186
945194192
907335348
461475035
461321247
483314999
506729719
727422911
5557882
22948525
177185837
61997066
188573437
952499355
929724750
111211402
23111622
711123436
489807406
703591687
681233004
516212540
401564332
77717124
145082828
966228443
790184070
944288062
109246811
213720415
449229905
414820205
657856484
467151541
488421689
315701193
697079202
822017159
224429498
179082592
145289458
892846336
595898306
263057980
321440733
396595054
92806004
593506209
51540005
570575120
256042590
852746250
237812851
909386106
699459085
463780413
252858844
124066519
303437434
653293012
277961637
699510927
60903834
897884437
840204588
890424076
325890669
358811969
927584746
161372718
376812451
38041648
180804365
48397530
214136624
667544414
387302174
287975351
676593452
851665276
821588402
397078097
368724204
283986539
708884805
697015268
378960776
926815243
427062508
679001062
93181213
163376586
724641868
59281118
85191838
664026211
361392985
968139700
591203647
508828000
273559202
353098987
881583509
385158854
430310197
714952484
303114411
392703293
634410650
205678186
475426189
981927920
480915439
46452176
404210424
326168966
568065469
210962682
240747399
962349820
822209977
691061442
700470115
498781944
931507386
946181550
778814401
526086371
151286786
377659486
554488932
811606409
702578894
782631037
959983408
691271642
121204477
607867367
756943669
621462069
304330197
129136100
39042873
180512501
340623820
747030450
832687803
309714334
135870680
329443440
4323642
645930147
943470269
372323538
578285362
395585049
646277148
789770829
473525912
390818549
989788877
521020883
304112651
827193834
680423688
131754901
185088529
188832132
306058285
232496313
491113700
351333859
492583560
869351348
935937897
41521264
927468727
761318981
464552232
548845162
527928979
300660578
242269745
284586982
660481638
228417295
149880021
652874905
294440658
450707227
672062133
799156213
703920996
390552073
864305532
449936667
119388261
156525902
778077470
119683728
761738844
665425875
470840309
960390875
873670604
273413923
349843696
205112565
860628343
604696350
297254875
880647076
406325788
747368615
927707420
546073770
390890109
795709598
965557524
318712414
657600798
609845803
112514764
720053396
990838307
822957017
308698486
740020538
889640320
396350253
730913653
983894392
807418288
76462685
137565231
172897000
432125628
655243310
286164348
987053229
13800902
291728480
482075939
570769885
101285374
458976359
632243811
269726356
496289852
888347812
457752385
539321841
944133900
312904542
248606281
987479429
731056858
477040300
647718536
157996741
633479456
317483881
263402454
815447145
817003402
156091162
737408703
689787404
790300394
135659216
355565310
223693948
175176668
437352904
92512006
793768654
468732817
413904369
516909195
282400311
664789977
580981767
334671098
789685932
659456522
111017160
206418034
999769456
865360297
868841583
432645468
157347750
534705405
889621109
350943101
932719738
356436256
977814993
37352345
283569397
669820791
424397162
159751179
14907853
146535452
957803432
243265267
475455146
588713558
678196689
433823606
722052964
593758638
272327162
902514728
981925461
671830776
456778157
444052141
649743281
886594170
573531785
30924755
254800462
944007778
67388016
341818656
674115169
672731241
263949619
721043231
16035763
168208632
82791691
498108334
347172851
353043377
825222752
907999687
955687098
873469307
558272333
434350241
693486510
316526698
266314091
956303138
227623960
535360199
954721631
927593202
764700012
868206844
460541764
711737694
505861043
459489270
222841271
146199740
411559569
900846141
898868590
336792773
581595665
996780102
677985531
736425064
904293644
531381928
987659350
840108610
152525827
287731428
768343665
191645165
586636964
895782365
188804902
404951784
16714161
67352010
530158565
576745403
321385227
69846060
105440592
802193453
701114482
544609944
521163511
365959054
185938073
56419592
27471626
524692574
28457431
725126102
596282040
386136793
258763695
930571301
98422898
147558358
268252303
604977403
342478401
532779567
621312827
68503893
915558279
10825172
593406131
359158976
883469468
215308496
69300761
562349434
506751775
304483983
731989933
659707891
279296195
665547160
457104797
87598302
252415412
937809514
89912986
453892684
77554717
542024707
98431189
113133137
218436278
682877639
657386270
436821914
858043251
90353167
4074915
500211011
475842146
230354090
617066903
906312066
451296328
818823463
537041921
58365852
185261727
708881055
17945342
239150535
870743221
582446310
550103021
372944335
386315075
829157226
81617192
107233273
321197210
215472886
177093490
671993336
595093128
493151015
679144103
706079266
334632869
125079546
417831666
450670956
939944491
573682727
681661184
528638296
25271167
43764307
751439665
413891024
281851752
352281102
738468692
424395024
386542081
722488491
238976342
943510661
705053426
782387669
922671453
312443507
982005142
348578512
358130724
766745382
637883233
586128491
798375217
991105563
377828178
615302931
994441176
841174014
58554189
351560129
963406410
693658730
916587729
931266020
688362033
379793659
329888563
539807192
716880574
655206017
397215751
292994810
32004701
209643299
953491434
494371774
921959357
520656965
678487292
780901984
302097031
870730221
341422631
487747918
595023553
311606724
996500079
890794953
745786487
214897198
912871049
786856122
717969578
476781021
283814028
141617407
627809299
792669451
456547648
512864661
817972142
622827984
204384950
230501090
371713838
243498900
531806152
801424994
976788506
427613199
286123895
11791314
980857133
733326414
678701970
229754142
7450473
801297074
573130557
689755116
571995041
490130112
63233299
777849828
36668515
63060922
102972928
679254754
749262066
106258048
590740392
315855972
79207019
642879722
38356227
656430822
121150649
621032293
85323989
715215631
848201415
702869142
741625722
916015208
288140817
133068355
408079398
851654630
571954689
957370453
815132107
629340800
368448159
598702128
419063330
596301522
533499274
283055795
245607807
656904804
532775037
666090493
259061328
763152261
612693423
717212490
566888800
192369085
56156291
900763468
897307386
120778453
554632902
504965833
813401267
206458417
287138347
570427222
977849499
779110959
451441378
253910256
463822408
897222056
889123889
494181187
513519099
466675694
791064697
545213764
702029285
15328805
300228269
122596687
136475983
440999869
70844674
881798235
668755326
850648008
92600214
423747074
378304326
242472671
529252118
208364159
565203885
985801348
96223329
535849286
328269566
400465782
431662042
253924970
357928550
570817415
643929985
306217799
992836631
930879332
967036582
632391677
526543086
736992865
920732240
291493331
975171422
83441933
920490726
589715851
87384641
478514993
198907821
299906772
771211435
782708150
624804028
859467387
349904447
764196500
776410674
383104223
693360197
91856076
860327164
983226911
426370035
73871390
518549735
904007753
324456632
39455973
59005028
950407742
421090985
746026635
557142897
981057836
412917088
57710380
227297236
844443761
650061534
891582774
472988171
747183325
172569565
253404395
624255222
78813233
87354749
809027267
652478698
816410248
568055825
43288363
55561434
456477537
58746400
159802541
550402433
398949109
316771117
683250334
705507649
919574977
930993460
384536603
735402281
26245461
576841280
966239293
725259816
46995350
45921133
496024675
146985978
631160688
982555954
913838757
153548582
288313205
344572578
448142228
177625383
400012197
979511214
907568977
272770056
880230495
551189790
942302284
177815590
766183842
870023597
932157007
172046406
90327289
533861062
327871901
101073718
454268089
905847289
175904939
214521460
890742800
54392759
674358807
476292339
162546528
305919287
937367323
982326105
143192721
558150189
588738547
503299231
606031121
5653246
581899704
814805859
683890318
350075651
274414382
812340374
588565031
825608860
891686835
324855411
247604083
845640404
727016112
238796211
28829178
417035110
394701412
79070394
549674125
199871150
257131438
775871341
995005452
441547836
652224735
997143108
219096420
972214744
226846914
387760892
340062468
524066697
747966132
982992223
593961339
13821426
865037829
603324615
468994307
512002142
345588876
693625363
704281534
124587034
968420531
882523854
884737406
833968037
708339415
28216163
139647831
685101553
492392605
658863285
796432564
556877785
838066562
830807519
19678955
49430829
213593041
397534467
148950695
235728980
674654448
147888133
767455915
950862435
511459755
436845071
597974865
423978094
287310690
186117309
192015415
95829190
103125781
209663071
869148007
942872624
758712424
527377036
284710930
603301536
563133308
300001181
661256415
705428301
964044897
406179703
812369366
570496288
46941435
465383716
15705172
908230161
408903965
628069902
520782337
151985075
555491924
981741106
789127444
27965418
785093757
88207000
429696391
222908675
82418960
714006542
786494070
256396153
582194271
623330910
287616613
555405826
405936970
716957261
861594653
594168074
87626517
433329214
771328613
7002712
458190251
239635667
598255945
101736002
960598654
733038572
234375631
64790474
410409976
676573333
532297898
704925628
218779910
165841418
239392970
625419850
728372443
787098141
512731129
962314530
350876875
680985366
347159112
404658257
390563211
916884841
371449205
752238149
687835718
634691626
214296231
739215155
568496526
281062387
822922459
883945915
928295647
598294883
353154307
766686025
50730090
760764951
845569690
670982922
839483340
11963918
700262321
747267644
310885225
641442749
405810985
149918183
840089690
136295598
834831814
201395589
829353072
306409415
602143722
704283798
904331248
898158202
181076839
376038651
607263767
788898670
313685332
834311683
153086495
545389925
613067132
427955705
800694139
951965017
385596933
284035368
689163399
280374410
550657647
194615354
658855433
29209057
53710143
443659075
644866969
554218863
568811193
592824016
289548511
226982475
341493655
590752833
733751253
115149945
315563646
502821830
286272304
240532103
618517517
949809218
848692877
102584671
13790131
660676251
986640975
704862683
330657816
123470016
794687790
676303084
167633213
324340654
52399485
384102751
493964609
511431182
62464274
819680702
272058863
163813114
217080586
990181438
675251304
929410683
885595458
334559385
459234541
586710436
925437010
776990449
79889516
671625252
404693668
812874981
69619141
177519519
636889398
409589532
507762137
702873859
608399102
456067241
351539250
720167526
169655095
925679562
338977007
699953365
1636724
489308583
718270833
160684053
755797287
625349717
59641572
769963987
864954465
342354219
239516269
561028908
577799879
473332022
236719871
197394793
7421977
465663034
586975382
713956880
907912415
758241311
100468329
123177854
708483212
468113601
569896616
352959400
471826895
617517135
745535925
286274644
994276421
470889940
24739486
957736720
947838395
837061539
512205534
739409811
427713548
575648920
439038231
683276999
647288158
234749530
185146873
63245714
447358156
515242653
780895593
909209146
558884110
702162307
316949926
537177446
477272953
332255480
391210531
209414211
886334920
705411539
424106946
424367820
107966093
12692859
939353078
126686521
893891125
223220459
427604533
575038935
193774747
762736359
277215414
95814486
674775717
775081109
578227108
143019337
538649041
883569270
457699889
109225185
265582172
743931770
367846347
836794265
237923636
422236559
153014252
722706846
578211449
647797741
415966677
414897040
513665483
510947832
443005627
459806155
324132405
588765798
233364483
976665906
484982743
433518054
467264302
161216683
562522910
897898069
918906790
669098843
826199769
537506806
495627444
387237083
640404907
575995844
572222463
661726858
740362887
158805839
18654985
281389759
460710650
512663163
395828327
362528303
281128430
243871481
818971864
768740115
331263886
233629693
899278036
295146882
770658698
940513709
439560090
365669312
658511747
801639822
461923865
890129139
680877610
884961714
161889766
27415368
407099819
160106104
72680181
432620906
605775303
986751479
568221354
425352680
289401480
953772284
778722127
260843574
377391751
607142548
351508874
385619146
17608663
866180277
944819391
622651328
773878199
407517918
337332690
539695199
696071303
809224306
982483160
772520144
662390939
201179962
171406668
549660698
721207534
382787372
327301605
690030116
68660087
130748790
523656421
719488265
729128550
198713366
561802660
128657116
65971947
912003688
837047605
363353726
639041204
23057878
532524128
915400446
96050066
704247822
834705851
924821164
987202904
726400535
702783796
485492672
714609201
44737152
774063447
806410701
946266798
310739807
549997064
293354412
567575785
104871693
452679710
305507205
632539268
169353327
293938743
398733696
320030264
716397486
481683666
220355385
693417663
147708125
762310333
267721637
6356946
695474800
617130120
202455497
882194574
645692524
589181245
163614078
115919916
181672169
82665626
410558863
473769807
986032303
125570131
214086350
603716420
110555549
636103697
580477131
746412877
168980486
605887557
671937621
149345512
519134155
351674765
389377839
690429433
156169995
34619576
106581321
962976569
574074282
28067985
189606503
940655860
253532524
639935252
838595680
308572978
504733173
41129031
405650304
268972050
59554084
914827447
296688391
672625984
55745133
595004129
291563864
366152806
290444668
182910663
795943398
165159783
328539675
128318354
189499502
230419875
219187392
756306064
816167773
415988555
175217477
342272103
901781504
267667359
261140560
927867128
125514328
190033541
35933179
628955746
818450117
682931738
617696112
425639425
183506704
74104638
595648787
258634955
381517910
548770534
413601795
208813031
487027077
559801737
98790417
894073825
606022307
245471913
859960315
170472487
370380469
99962824
417284779
802742987
456134660
533778516
38098270
456928660
214008094
660605313
104986873
288442859
732486014
238355648
375376720
159822892
989575497
154849273
638434432
304436175
350686443
70906554
331192704
884904909
604874918
662268552
902648095
999623269
955623250
466706928
470279782
98854608
216577426
101661594
314849004
217849800
499174389
279206647
264794900
346633931
437435200
470907070
970945841
8401955
985656285
13481465
35790927
56233859
47461972
439775661
442184870
788509501
885791192
153000438
66023145
981013516
803784761
33366837
805530884
811768925
169227655
401252659
425903042
183621246
282898068
218582084
61054903
254048403
107428434
374615386
994579453
765465144
67890288
721303615
114908667
996999645
650414176
618760102
228274938
241397057
914650652
147138405
580819226
424119812
172908431
546644624
420198404
848898748
962098601
802524479
272038992
724320011
814610776
533521626
824969948
907831751
96572932
561157919
982976917
788381897
857735186
401329895
256515590
165921662
271333691
865510170
323751692
982428782
53665410
330460205
380509175
763571864
652204066
599255542
216973243
237549001
809147846
433428610
126056500
776724093
637235013
53909786
732426098
756551619
201664610
297329227
575357543
278553743
518291729
255689069
883725199
247427037
343571964
4062531
372629882
304344553
34726234
6626011
727817242
626284696
601164517
546457871
816116531
326298418
677591651
413672923
384259104
382858946
308770026
634811828
230684651
515974605
203174859
127438165
516618934
142756987
930233642
386564415
389594916
305277386
536288253
331139727
73747694
210052231
535234057
389422341
977051054
876915055
956132196
421906292
168973925
382838399
675769572
284153136
474333189
943620495
312399894
220860625
229954986
234219977
193220089
732813639
294014044
723464763
680927914
30272620
46030342
430665548
865798718
242842923
792231260
770305001
140458471
419115124
146071322
404526809
549513053
464977572
828114473
531073656
196897601
429724491
956993441
961974821
788963257
46492770
264443889
920561034
277588341
583182037
13615782
901964008
773258733
488787342
755828563
68254848
518610401
229090137
437387758
156698906
533515288
110606234
965080382
84363993
21720097
258921247
655666353
4877020
564468187
846438937
97739135
882516400
690580171
987487246
877680810
181333032
495386797
767307981
426637016
741474322
6588784
756139889
13439391
763171209
925947322
888160060
873514130
467421876
212490649
922450284
564534391
828323358
889050186
628743872
757064341
38376545
128448020
513287870
846275123
931128327
495703395
364583725
702494160
591322481
85907435
380561549
734551649
791597058
517811357
86897907
681796303
890876433
477298085
826782616
626313687
959293376
963663682
632645079
423088548
189216935
445092786
516500584
895981727
125995740
228050392
655611859
410648508
328637471
588519965
277773648
813221761
412155534
403620977
592112842
531260372
130340253
849939271
775265299
824242050
412051297
983966516
662758799
760754831
124510157
986508739
769604155
783841885
515628764
221875094
446241531
113195359
593989424
870241331
247095366
61599166
948424590
659110010
179821101
138358876
936784301
889773770
375258329
162579594
33732953
506045649
340836154
925592840
633149011
22484030
512081530
619316134
999838553
54243941
102035832
461730831
26445373
818868478
450448839
569889399
139954483
339102429
520993739
515309146
344583673
197315795
54511764
75814705
79575665
489671166
891706745
944806829
175380424
809999396
231254724
17838278
855614436
794372658
304926975
375695791
744371029
271850469
304438932
197136403
616532321
850482595
194032902
814737978
239781858
92120376
129977571
783773040
640703987
14078396
518810040
994761618
299659463
356508205
824524693
509439425
359864054
884403147
193975357
113096367
709925041
279676052
246123481
593783537
606726702
740869207
91416365
628067072
243359964
591143942
639274199
976226074
615618379
71375539
522948824
358655862
535491623
208676922
92074937
781919662
905500506
573289887
890846517
180341029
630824929
278414805
694556910
52166847
598935124
12773502
297583311
488625978
582272172
648130404
165330578
268778567
592126495
720257944
457204773
570308929
430137365
39963707
601223991
406571807
971240188
290117963
420940038
520412658
625327412
608642359
394904502
92686734
181962229
372338507
685428117
913832595
262008791
624585586
929722730
683341321
443455480
983553702
512649439
876618193
545483134
660178888
459998792
58534969
256608920
241019646
240725707
838819989
283275782
626821862
745149295
670038997
984978851
152545111
854860621
243795919
241458617
1639244
299704475
680187232
231428373
712125987
21161595
315064649
532615667
104348122
112961191
557885306
242762873
199949473
564500889
842690617
757846204
359115151
136935613
568390447
372139895
880200204
875403537
121137904
376180597
289628527
234985936
101272576
314394667
680535437
276866093
718191400
20209440
615355296
732483824
496063089
901321268
359855220
16820653
176643697
433212673
427701775
913095121
695075221
94346814
542976708
356454129
618446246
684359949
682913622
654553425
503171232
542795575
893279501
996609132
519177109
289312463
58172095
472595022
96180968
250144112
145980723
459279934
40662759
788768109
503692515
307252887
945246155
559027790
825662797
315329748
42545169
933598909
151253357
490470907
229031442
211425770
308598429
704887131
460159864
588426430
243529593
43228104
387179427
359500035
308442075
563866479
268620480
644042924
431430005
669563864
430185017
445103032
564542999
465553582
523322597
449160157
913976412
17798163
433197209
826406646
629527501
470083590
664431916
497237595
61109270
140471688
924873196
740530797
905568309
133340975
802894152
127319201
765949005
483923725
764061259
867173827
780725285
514576762
82423169
748830444
360075369
639710032
188522879
672763802
509223070
400750228
611102603
550769385
373919302
865147411
507433446
331318855
663640619
193084399
965746650
512500379
985338953
71603427
410731872
934349282
760241270
283986458
746536738
202820221
693223298
282010093
769348439
280515156
81691470
379976726
116399042
294239497
53034288
801406870
189926629
654463195
798913281
164266448
925492150
71987848
935130785
616212353
35671787
256883989
1749178
380031543
788068473
103935353
350487757
264168773
537390382
681674339
872346409
45901701
204787052
516164664
458979026
33210329
139645362
366740821
882506039
594345658
229834423
216830116
81745115
220152190
720472000
317315577
768315202
797336030
113104010
897821796
19781761
580214450
257162670
599135540
279767201
786975482
834977437
639140076
801715011
952536326
376091389
756339159
911600766
105105137
980534956
523158910
720537154
542940774
657699483
909112663
869810271
983181472
864188560
232381795
44606062
587751208
223962012
107983679
962813974
166820540
986359945
424661229
433266552
575867413
820774152
7344859
590732024
476139349
691723559
228638234
737481423
305806049
796910289
761793321
824755027
987409287
308113931
448197590
872508961
228248845
453222564
834551634
594919732
240120850
861956217
485633960
774418151
237646186
780275239
295798583
208179867
800299252
590229360
597138393
454945305
334863666
3665189
61397291
78517820
956284682
255246751
815930517
484257745
487281925
549523725
211426746
663964406
939891039
306158351
581231298
312937728
442183530
131609449
418638352
907410963
919908420
857830931
161835079
881537870
133684147
723693496
770823336
639800270
750924780
38712135
592627754
448612318
306450120
696355758
321382527
229439007
482713229
273868317
68171129
726598342
699225655
800874236
821418485
785180464
300933371
764099367
559196207
765681926
365251640
314082686
501899167
976058372
930681037
518688495
593102479
133503258
554311098
502319982
934333899
341985674
514965584
240980791
690964820
754765534
629522993
617820600
579435148
580607244
862984239
807272628
220329771
366331296
838096367
632747234
998643847
562727187
478344547
115589621
845202532
201115900
595691795
74782112
734195791
329544876
896180143
425324198
773214059
199970279
17455126
705321281
824102343
884643135
158602870
213757813
392977551
285327035
272250569
625441719
84182983
112159930
762397755
173548142
543525921
411388760
896592619
685052101
215184449
491199630
319758835
24968271
78893644
389607769
522319499
354524394
961342753
125621916
829059485
23918540
812321312
234964258
650599350
703051237
857596546
296205773
749210969
428452403
968321534
406101465
611315762
917732047
857238751
830135542
898065352
332572090
303694385
165396858
158510633
839314953
191664011
344606123
599550666
645597698
660291944
783802621
598146753
925206536
520761148
185423504
632170668
362200099
760324099
351215899
51185643
318480143
529048608
958935353
702612703
463798524
811033455
455156050
714109458
657933854
137409783
971511770
751021376
754504479
617991768
479192453
554829786
278556002
226264839
957427491
908388499
123534528
674056742
690049534
797412033
426588498
666205865
396239105
428505648
874422715
71403017
919350475
856178882
670416916
128844933
594292733
48594333
864218040
552920609
637588639
982784523
657052767
947507220
689857843
623322637
678941694
29998818
504586475
200965842
190402835
116564045
317960176
725200896
424875387
29969110
111689347
164679764
588741784
164044125
109773520
142406182
682411479
418177181
260177365
358322156
894787038
861121610
390712832
933631403
612036972
659920731
939846762
276797160
956896200
192195185
522804588
612305697
460530136
301601377
775252052
514997614
510383516
317366902
759833349
602139717
79898263
840067224
763270411
955273458
753801259
132423219
6999757
14749213
992866639
384631582
468078376
985731708
677451532
582466144
860165965
709498058
358243474
37619731
833034718
417761047
960571688
796499328
631544553
127803623
930698511
515989470
584067855
172633862
49691936
439885427
779196380
895889802
672819834
990214330
757444115
671462807
933608169
267671430
262712953
403939903
479931716
882462466
231192244
18358441
874778719
712291746
128055381
407173699
499390275
641246500
664423220
397180955
783965698
511393746
545555789
880395105
262399814
490315251
52941296
341231649
377099245
637890531
863332649
462204752
374821435
409284418
809215132
955965168
400197777
15200890
247868170
618342796
163512869
167100718
654604736
305477841
699317127
295883124
528099054
590938837
743247004
285016225
327558840
801128556
819109559
703962824
989290992
236657855
807689215
819837897
146725894
583980750
544511245
254726318
742566227
263630553
492110413
613052433
843602199
647483981
603447080
642393375
220918497
192631442
637144184
287288985
793985534
152932547
36678228
277625129
873212151
551552342
776971374
789466141
427645966
987995075
924862847
552438112
9316409
868561297
753593565
877511021
408319805
14401703
217596301
125239878
180836984
728542807
925619010
655389385
336620904
137919313
450407453
196812907
881030376
225732687
275728744
581196572
166350144
310979863
489367003
403127029
50441424
608812803
12486324
214578201
853851304
984442535
257081148
926628943
393739239
883318908
991363677
635670070
769722369
544289375
897320212
254697917
883759027
513123605
284353793
946644776
644148966
984923944
163435193
738820094
478779632
814758698
420878254
238106493
512181069
443798031
566019120
863838400
650931491
280576015
881645413
103074762
19855141
915639272
545017571
872489253
295111972
708429329
40564822
328710436
849119357
596150117
969995632
771540725
290928353
584046553
502619660
757688549
181645178
640222097
464531503
145290383
367856199
257102569
12344552
607912688
410592378
757876021
67596416
667480602
485927294
631750078
959701797
47641889
274456825
578051858
286234902
895219275
999017459
518080513
592155011
514433104
67192830
650294657
767216861
177810141
592747601
764177391
393356476
904102423
901500998
300393567
643852043
688354342
852101645
153905131
416589929
161407750
293807880
705087042
890218010
214739070
69182799
688317141
738818691
932528483
803454301
923455338
372590315
717611406
243680769
401759165
341725418
737926982
186493747
312344139
748906570
919630022
530719921
155821326
599130668
160200388
9058074
792154869
814527482
758903038
311275287
386535846
941228466
387865249
479850194
509885683
940004813
812453893
107956789
198653637
717358616
442735074
304761543
708394761
791100821
314605028
610290857
144333263
42776085
841419512
119544538
28219387
299781140
239408981
192183767
991752349
707558191
624658420
362650473
629917242
921958400
383683358
768743358
185087950
207065182
584704688
825057864
157295404
744834087
38294825
893333200
289551804
348052382
659719458
835300702
389838514
127302269
39728279
579210047
572666688
322834649
866125204
759043309
755667503
325198636
591351979
497150460
244114516
862038776
256425798
599606853
883174105
245287469
393065031
778013688
708316058
842295133
57165881
199762416
772559619
648404619
842288175
444719206
389668596
469568158
117258456
224588581
698506652
532421916
832651145
587917096
33219038
388930281
106661313
124146761
108816458
539130885
401536813
743621477
978970268
351395204
904845200
698761388
21541057
206142062
303543825
199398468
329873204
274648249
372450321
72399947
720079660
775249169
281500475
650017821
886625611
600360364
794467018
280572719
638626850
758919298
837808414
322853552
296377239
226459798
226515182
372434715
524377274
54575546
745948460
160901162
707466617
291796622
331925742
406743365
335606765
283896079
121752116
717350734
536728858
919145782
309431829
510914592
844533416
308379663
790799851
267226184
248354882
674994254
511421736
152692462
168576274
349492325
13892263
731915423
808739347
949010954
889591342
580360798
891215923
23382367
288729119
766585059
739043174
287018170
216169907
50451826
784935025
381254728
56331397
627817770
212105289
394836026
583557929
898512282
205734822
753463031
895478638
919294002
580217134
54087957
561296276
252661896
451883418
935496942
880611919
55898695
570432029
361609292
641318044
358995520
528638920
655458003
535572063
858635099
695456698
892171863
260257689
238573752
72264455
305287966
514296213
271674532
34926302
494154899
549854748
765777047
13113473
193906024
892042350
100727641
955439889
889480646
831652880
82826075
36874729
88491985
905854747
526427381
621885876
66479591
594582739
609126165
56102005
780473921
511193344
501064941
508395320
701803185
353224078
427558210
505359515
695850527
82817538
440478546
194239990
631905696
915146201
137489272
940094404
616234755
709474844
657018954
995408645
320402148
567151065
535625360
121688940
503633836
781775983
991027613
55872693
559090124
417793899
585029684
903219755
284250906
73572415
489546750
583042252
913320495
833915970
342100425
673808459
4477775
600086365
223104159
413587571
390510866
996864946
148528956
209850545
341163513
898046216
161035893
739699074
325435839
655099520
879877318
764600827
182752096
912647791
824134608
221448285
345098431
331577614
251397770
792745929
967884163
530748708
723130418
925489162
461361401
376098970
940685887
727898735
231746250
464261517
149458476
276717970
326451691
409013303
381916988
711502815
922366160
566878727
928483896
799674280
807450163
867198400
629565364
678782301
928064996
774136202
108218975
963613511
576252095
552944553
57725601
708777011
130726113
954723170
102184692
767014022
216361211
13070674
263341217
334645177
316979601
694982127
381281877
618176220
713794288
79430971
66131599
61667255
63281616
63051653
35435319
505524664
845118573
434815738
732938107
773663147
484657810
86771327
499720651
875555870
12319739
761261053
312229999
441431849
635323818
964929362
900501712
560898936
580493981
785306560
544714678
619180167
120512832
646353043
96793277
398505953
364969212
642550327
837997902
675552610
764955592
444653882
90301081
349888616
937404143
813259434
871677900
746790810
373154908
451341383
704891092
545362103
167458494
745419415
674485500
304998309
551057102
887273845
496277455
299890723
842367560
658855818
765162891
985514365
475334352
613390272
270281006
463478848
792919209
75527577
510120106
541723957
658462402
587387174
483844000
715238073
146900031
543679583
695259103
633535604
465747339
212444952
143542893
11624646
850387932
54242836
526370584
661492168
892204418
824921044
804789369
192147683
102627823
846079895
656862953
40178083
251835163
856684762
946028737
790028152
863161255
19158237
848839936
219420266
588723230
929296400
906723504
383268114
44342342
902602864
939666179
376129071
859283872
144831653
971193486
184759281
606184073
192328271
724410925
130188673
355317985
75600670
301279677
116487219
901115165
357733410
661884181
402588179
839905547
994855565
644758439
724778134
898381458
573660837
156569232
608414478
516704344
23351364
934402096
420061074
595440003
286765510
26696595
32662857
255317964
54043409
533173050
30718174
475626936
617579350
567765394
529973451
920277701
723308614
673621029
947237198
464821288
334172344
588676812
11573665
146014390
901333285
887937957
533879915
469143116
463982942
531619725
487434371
22826433
471052500
106883039
247080455
572017885
431937008
493763961
298241912
226547210
595102293
125170012
516300233
184684920
464727975
474125456
614708254
297638260
511918701
723293672
920012085
659150455
672400254
951563958
56702636
165257191
825370980
407524580
987441877
52222875
24454607
119629673
624196686
489689681
621455810
945529095
807443273
647617729
405468183
752484031
405829227
416944138
501805578
919811785
565144006
37652495
272672035
690872471
696162670
919471089
892071726
238305438
101300369
954004112
291110237
109696762
830327841
246818706
132660214
563906114
417115570
718861891
966103474
707409176
458869663
286546405
159677484
602577384
27198715
684518822
627026461
295582402
94517712
502944113
786227992
941412424
471761760
495927933
625553150
892437871
349438952
151816617
664158746
237626902
255995182
135187181
138917640
351062201
664454705
600301360
427274118
314201054
547219050
18106739
308626320
152590847
676738343
129083945
72789113
866895246
648663308
421722653
661859550
144354408
584062522
154827286
977248457
646895239
223267972
859678104
642085950
940115201
964034398
555650384
968619314
372107261
498699551
547025587
361408061
74620656
326579613
236914706
892498796
318293597
766861161
948673256
692766874
825084240
352171901
285167119
316135240
451699691
24749080
370903965
265422176
916621736
737519045
927570037
139604282
948927895
507213970
479256541
102478291
990819943
118958537
462254664
31674801
907146946
794171674
185210120
625892799
426323964
143580537
170876987
915815837
444472415
559501642
41755866
671572402
325101216
260717211
578334444
876059434
606381860
828876918
868832602
610196048
133046465
92708571
571697999
195130576
930797724
620067641
698105525
21350821
797402681
892725018
903294717
912471033
62997828
393790200
140431369
585112191
150091397
345822848
75665250
365872916
948871890
882906148
153589751
403419578
40974592
405173947
932801366
561637174
383006199
115571084
456745585
219523592
591286731
673833940
357308831
674297346
639185090
981537875
45913493
366555452
164471910
337947204
14352921
951104355
564888969
68691532
875204012
997489406
672948094
405844284
185630446
979980564
569665115
334045659
294666254
848189005
34919919
142040116
522196656
271133261
637120277
159186811
984547947
360536833
92038817
171027477
734133596
226083906
113101208
841523436
617166292
40272639
21188139
168032353
926770668
822369572
823912104
718454640
457538898
404099823
863451056
892220347
771843267
698164206
692085760
206992006
688252613
723682357
678505215
323640950
753282401
289871005
380625087
388084588
260604449
626266118
883460296
170172734
80385680
705520748
412158879
935499993
429001908
630153591
297612154
635448328
623370599
574067765
366895799
177066313
323561173
701402012
12988749
642061279
344358763
379954553
833739592
628142691
616542262
60578062
178183289
689724063
778217474
697871430
856706498
689867158
419737203
771639153
340725349
498106756
63481474
342471000
8531202
388512419
568420958
289685961
906085329
528320346
345411774
240284916
163276555
942741674
333181612
851037427
56392959
954921171
159317513
711131481
88817730
302405928
196365012
769016314
486318046
2542962
91443916
171703403
306171747
503595032
273006966
912961453
456992819
56076487
144499863
423717247
577159646
416858560
41305129
58283401
211217953
578348366
694090421
478999119
101411743
4128108
662243882
851766038
263536351
236115476
249234743
597102430
879263115
894997961
839369150
403406698
887675223
506043821
463531866
218161963
221512244
851621931
210694865
346149089
690730249
276956965
88668147
641192851
539645188
763420264
677855614
238646827
330924682
72462456
380994988
417782237
252495982
432566982
606545944
770771544
565303048
893301696
908423751
399511556
13948356
362383944
836617698
245438168
249006059
550690749
759685550
195848139
655432821
930988179
637155615
988089242
449589883
866719180
217001052
639296434
341910242
79686942
311850024
882377233
32095566
713930329
317740627
769739005
424283678
377077981
759846425
31003748
344872868
906225247
558793172
766991690
733888102
552554119
952140372
872230694
879190821
123481726
480030592
359838814
86187668
803223925
696200066
989080733
967638079
437842493
162278583
679155873
918717154
97171158
650292430
358627703
698838009
523704585
253678743
658065468
989669130
807748789
642261652
204333617
230190875
486201636
10299674
185521005
731205985
539983216
236794692
716484804
830486538
825607159
791542617
436557658
302478566
721290341
33520653
851798495
755805044
452358721
341756016
65610694
627326227
564937075
80482124
782765852
206336319
440562811
463523970
849750633
386574465
475697764
724153458
489727034
427248788
39340827
253593356
417931714
908225169
903835095
511639342
139072743
827287937
418615842
908791123
61286205
668453788
506892662
81362891
13445075
212738808
498616547
801648347
122084621
226066283
76558724
821945667
476880856
833661427
379943674
363889453
238425932
44055190
585854997
51918823
700846644
39418772
856502233
859560376
570240097
906953446
138680926
191462085
169898788
697114108
194064495
123249474
647565235
79603924
959690026
691226066
234089435
713485818
933863519
70359812
97654961
279542831
349615668
934133395
280455057
685815585
370084512
917662149
640783526
635239798
935156251
855488675
912919737
141968197
617307504
591818204
221822373
535721119
998616073
429164444
895949993
336200728
272493689
444811681
322181038
316285182
259564455
201307581
924863933
134076092
864955062
134795312
950634629
387415685
943671266
9151766
927741670
42436729
644858775
364045192
241339513
755956463
925204316
141962562
723480115
655519903
535483180
733930521
122926494
518438574
727051332
672115809
169737855
40457108
142170353
581130580
932781503
870358676
591113659
38663609
446526360
910025609
609046182
197914344
247359648
850126836
413297617
839708950
520227389
338410140
987925164
81546815
677494646
385200117
706259019
103127032
765044460
617232234
498069052
937258352
850654838
70673933
89018548
255700350
889401933
32092844
598527326
51265457
180909053
215798657
753035130
958230978
889930172
409011411
334307228
154356791
18768510
615810287
3979235
399944946
607779461
625315269
431430782
695529173
66114398
333334125
404726687
27364788
374031768
24582136
298774488
178060789
742505077
778073540
288763354
740236433
758117001
989238328
931712939
909703592
257813733
795959272
77039518
419842232
496519904
611481923
392114961
520514221
851260111
879675272
948230445
649488198
357606615
31890762
451218185
176030321
677983037
827738372
508492025
703598234
372822912
127279146
354984828
553414314
896556620
441663503
6995554
566423848
862532761
224727776
78727738
604652656
841408693
243916203
279394560
949001623
534479854
201883514
449299109
607942088
469984354
418477076
822947179
849124639
105703009
396872980
727144937
627602958
997033807
482939713
952239509
303404706
387882769
119960589
626012233
490600678
588106807
518156008
13120017
599099388
528128918
324161068
124412152
165080059
167960746
399170907
934986573
366752143
477471088
589801832
2873631
434705834
117429823
798313958
909110236
977355147
736425888
746801793
24771847
450161098
666544007
696634850
477423401
839972080
254308007
43692207
663808866
78848160
85193533
936754248
684836562
964165186
660609344
151655602
514646697
614644802
425349469
903907513
607611707
598690264
735577618
42280757
438812457
512466836
426524900
929716066
541974289
272486728
43155688
156491916
392665302
665763191
834345299
207785756
814111591
494945073
396367197
403730049
913939718
629542714
384658324
294643340
309681580
533225895
406385242
588582850
543293162
524430843
23628827
299858404
536062764
811111192
13976006
959349367
558573655
100862136
629618143
275767277
630040787
319575530
852503642
42972861
380129371
315885092
117556988
800240370
596651202
469848428
446605455
691316108
314130038
14195982
815836738
946843170
952081036
373424082
95456729
881137123
465650898
894642176
647166931
436224240
521628907
724880212
792580717
957590133
485747161
334718683
752064737
43299873
669509816
163145436
454804997
743277104
455339243
97740672
763750755
366097506
621717958
56771809
941378168
646582750
493068953
792983234
144874584
242209616
431211850
400078522
691508154
487400232
199298172
850608383
563982662
772706954
320095349
451876375
706872981
894842723
904083965
442839178
508998548
31518258
94823197
157770449
862802011
405646141
860370221
682739967
159981040
444347812
65490357
311169284
258615508
274290823
747062186
82035570
793347923
844882821
630733515
334044717
140456843
726424390
207414078
239764525
642312272
663363242
755267454
529730460
737754625
168656666
616093927
938573837
559240208
965228073
325261407
490430028
861968224
936118805
777435460
541236985
483199626
278313698
920141931
901407836
768658304
308859613
201343416
203450218
912951987
387004601
823654843
256598885
726382127
159267418
63540670
930814839
60097139
578103119
726365508
764252438
909361376
919900899
779368769
262395108
246800806
786835842
956022067
92438492
335234352
975182697
64466379
10105238
295872553
644816370
919857813
540082399
411363324
433713671
944818357
15874771
108885470
775149265
361607735
417107810
425370660
872248529
145325291
968691417
896742474
161909263
652566725
826799893
309722457
208512756
380943643
649364119
98342101
911056
526993474
948820379
296944295
109031095
837543718
690962983
693361457
333585594
945940301
245658643
193759463
910718984
780519140
766392624
254159937
295154051
621328281
527763517
626656237
66613364
903556507
869585530
421638973
756698625
71602061
195357916
559009810
981968252
190298880
659458388
760599634
284824674
937418310
315850061
699602189
937550749
417080946
715639051
353114801
179311776
543297023
991423649
120505110
780893053
664157836
75473255
342102839
39595509
998685807
973991762
525110068
902706911
16514162
47265946
168883211
306740999
672479446
927674247
634960188
553257376
289899489
997179352
626396068
293356857
201522818
772585799
506509288
77381259
634405209
334405074
251938261
220526129
988096963
374061263
863066694
547960108
577493039
511550053
900311614
945007836
483002181
459136272
194278925
600824355
872441873
316081340
62048612
360516837
696871033
787599839
447541814
775654850
951490676
750627585
643828483
30936548
747876090
402914929
365080628
622321546
999617943
689545469
122695198
353487024
706959649
145011740
397364603
163707605
410444322
124259076
44522298
211174476
188557822
856395587
885438286
875358243
847430577
917219950
189992817
576414476
348983604
978275521
6661629
732770095
764599951
410738041
387027217
744826024
456905381
54550916
459318220
149818827
809111610
111629077
20549491
186372787
289655665
97297215
564339587
28808700
791356991
682893016
917191558
35356290
849525283
477396578
382062736
847819180
894633029
218999362
971730194
679942758
755318534
565973594
912877442
304039209
674219437
644059113
333834292
934476432
335856952
375556307
598049986
253593016
425793946
465423716
518726690
376614141
367282699
536918240
317668246
478461599
221522805
261135990
717985865
120373960
738356299
66376112
173143696
596872979
537417730
52412003
6327560
248803317
29109640
584883847
165408942
3905258
401865459
998356950
336898636
913107670
445035155
425307437
855383846
815632479
934875595
23922905
566741143
860954376
729632417
129856847
596837998
354626062
413491063
469807914
760388574
998682546
468045817
658245745
642473856
288075436
327334065
28309253
254453672
887731612
46792931
169513356
100152064
15072295
335222133
818494725
83574281
864176638
940783606
449189315
283071003
945395284
182072656
571729461
177976343
925791959
607004658
752861731
829647571
28900624
647983856
363467089
349403152
587361438
52134632
19274983
630118247
67010598
632193783
18136741
411557253
745435169
456945710
912971589
649066279
742328510
243011456
944452040
717657533
880063423
755786928
981895922
225378573
398763682
983474940
860514787
175377299
582607451
398224326
776972791
532695550
270958659
635854264
954912570
178400650
53215684
625817445
408108562
365979345
337070372
881158439
710342592
200320820
61352346
413230304
388459022
89786795
190665232
111838226
272251962
554221827
213951810
347859488
577036705
897025375
907373417
210092308
603205386
444426269
744807853
992780928
177947690
790666061
38529672
477108479
775718818
105508902
678232936
331361732
244669997
126990559
421576294
586723402
972337760
796771468
621288037
605397671
384729461
996772098
519946624
849013026
491733945
661194399
166028662
668524725
454968763
266362203
53698135
504685491
375600449
656341954
988205740
542103125
679055503
486610321
122867349
391232301
371372949
864566353
745157900
13349673
269942353
467547138
335848748
693627382
522647333
357441107
444779377
270129750
924362888
76208248
857999710
684482561
947493682
12105986
30692851
133527475
269099944
38762076
760260841
470543893
874733433
132480329
538810045
55663335
128975862
548058525
957482208
605935811
118513799
528284499
452203813
778421271
918781939
719016228
729880514
586459812
530702830
251499885
730047258
898670037
150162108
75301230
835161172
947555687
934677209
541269319
622887509
422855368
497617759
291148931
581454449
827092835
424124304
561680463
741644523
780636027
634422153
213780720
545564926
685057649
158865363
120756873
796369159
339908561
152621142
999207707
348310786
655650614
116904290
292860146
307007835
732143565
806235765
393456495
887733992
158536471
954095202
477596691
778111354
435350455
793731193
355289705
27471618
482631035
611367120
131594957
841517641
842113130
5236568
166004042
330614506
258867833
17711664
474241488
375583190
38833393
527581205
872514708
68777237
563271580
29816548
96519833
587447750
571558918
766689603
268813945
873438649
342082235
568946499
994971527
267108542
348236474
237485753
796574980
469331824
835908132
920467421
745929190
576709771
313108355
957729352
486181474
169021386
77154412
950815846
475246719
868890839
435366894
194962059
748085398
222395844
726954459
465456372
908115405
588589117
423449376
263200608
257929328
392767895
952633148
644026367
134737917
310292690
757498473
625849089
704749698
655359094
895176275
308765553
313639722
393702874
138946385
137723008
557893348
91427498
428789171
432551511
738380102
488407974
350067586
276344421
883257805
495956288
11779623
571436190
352253085
358862885
518348532
927232809
123255541
223466594
834626776
845806229
384418591
526332835
949359451
534294976
342037627
438357191
683480557
657259404
279004636
777668971
362145284
758390889
454854024
76558975
173494410
490180407
408277416
363657643
708682856
115359029
21352719
496819575
189279693
947451215
53016383
941193342
1187992
667887316
489247731
39969310
974763018
66150609
171425159
216628030
672229539
925310395
24557045
982534796
962725532
123853381
828797961
123755765
67901167
769784274
431198687
608720678
986537388
73523278
747819670
10681040
642177606
17486951
304238303
111500247
701481061
790781821
531486516
832692939
968977309
858539305
935424238
310046091
418917397
883706141
738697306
731186818
375944290
276513661
681120897
600105754
267726710
370129506
290716963
217578779
677053961
310972009
390780560
56860656
649721161
898980105
86913862
197172939
754352594
662493665
336663425
848993859
877037039
775282747
118337128
728824643
367207403
496804208
783024682
19206524
747156588
846582128
658269690
945193794
721912126
346641663
522537297
579518738
330154948
38485198
285056169
444336704
137257730
512309451
296163993
681703308
417033570
207109790
665712289
863635259
322051206
682167980
587053022
777236096
451947637
317723386
266445129
192688710
915001953
836758471
691367266
675331447
890941387
409388948
693099842
896735467
790006443
309168625
260667511
848619511
245033170
489648550
966517211
394891353
445130481
779104559
137301417
617479924
976888838
943247889
999416691
420313371
102765240
234331827
704189242
186315578
337755269
424877964
98050705
257012538
671541080
485068169
404328881
162559334
282493886
893269951
591077619
881356303
374596402
948000920
474506387
344161812
937139944
649647748
176098198
950675557
314721976
59135220
285511408
380072406
72211561
869131645
88091688
250309504
889476215
415418316
833331153
786397547
133751991
367295783
117388353
396824350
824648945
446272146
692192562
669474974
354746704
280967572
490822676
974989219
752589516
719226255
355672037
643089465
697672635
479991532
69515363
392666745
826356439
710713450
329130247
390558825
479342115
702647841
799011720
410045154
82666765
15554312
800003484
979594891
427792575
49550461
724186457
457448359
632068737
835624016
571904437
945630275
859763118
421534160
720155878
855575606
842928111
786971029
820910324
970904473
800540621
842843693
826116785
966012807
428059726
564005033
94296455
341015835
664971138
298245747
565335039
538974978
132992871
242967129
459945456
315267997
515646600
162427333
124761822
143541269
966552508
651160268
845952214
498378995
755409580
957764919
72185296
664314048
250475316
413890115
899187099
937045358
68063373
131486033
797400398
738083041
842299750
667742040
542214786
514015209
148676277
243531103
236316218
633301709
996085760
940374565
639436187
614000573
282723435
271226004
918172247
85029261
774128101
219694842
494260221
710862541
70720406
753937019
294249846
622993501
633377065
876652802
278922290
871573404
425667267
310570635
531610858
141202735
542444919
94453528
512603959
311702068
968293753
371685283
941211063
15922538
851997322
851365635
930381724
449677020
651720727
757967617
546596363
91988032
405740005
828005709
219873048
573439185
518404502
376484078
875056913
269006272
127755308
298036251
749499561
69993096
391546061
839287499
498761125
157802528
460274614
267718449
793554443
960624337
609912216
630162351
182035745
789926370
674483049
581238033
63310272
755535516
843313651
594897086
162866112
380483907
726199939
174784733
330151717
341105865
435160365
688981940
130919198
620162493
715906049
388604302
975964910
203973476
627904343
719552565
744061867
233115924
319841690
720667917
600581502
693827458
859357973
756719211
208102393
23770028
832778762
246549665
218292954
689365320
443525615
827761586
348473628
45388235
504526998
532994724
337158105
305778235
11740521
836642082
192869294
856276846
867896730
420521654
320518202
288236446
245441015
377334367
205280457
749479295
776362103
946025580
923034970
948608438
812322127
559103807
571145493
774256450
655621039
274138899
78735460
750886455
717016324
269528957
761173965
758585884
341519923
554042821
755465604
780503531
695305818
753091927
270177847
464600667
507766884
857835306
510483025
671053415
995128894
729809311
963271030
484899348
582691928
892018528
265598463
51897784
69636538
590758966
64055742
432983908
586704366
754417307
357143763
97186757
941113095
798901051
753723019
526423089
998249764
125036244
812592592
7822256
179780050
510742416
605535985
512808863
88560164
170418407
562721741
94573800
888549629
202925414
625121130
333000937
713129396
837750625
69833737
305958455
250540220
548877816
371368721
547657793
156428257
780390797
800819575
473477760
790756338
580534447
745911425
583008606
971234515
469269024
784571324
153366452
944745442
692905002
612449847
657625124
909890268
925410453
563782052
789809996
353040768
248518851
5698557
958861440
909241521
686880305
694795019
530408789
125166378
189614704
970019746
597076039
841557541
220913067
321417757
126521288
456346685
404353823
605565855
472506470
719089178
246881485
824553705
111089830
987168864
250363630
809842659
324581881
972725311
346455638
916604639
457710087
294317202
289136081
372258898
745011521
358216912
1946391
423803243
819636826
245681054
510351099
694593272
224810015
834532455
18724028
941632342
606793207
330849471
159598923
528451406
961561153
682931806
431818508
745773529
991775850
888678428
730616321
575950608
583002259
306364284
430258750
606504564
928120739
751712017
612664236
882288148
925336238
183413198
738720628
617756296
235400698
386558499
542502264
592356970
961802533
397130475
854079248
23287671
942539662
768589065
140030042
292270375
916758678
173377093
827018812
787397127
871808789
689477496
181093404
181229876
959129906
429259235
830811021
656282504
841419533
251814753
764644181
298775100
134313882
781597115
17316940
559835428
309745837
187045738
765385756
165424434
165142852
409170835
271318482
320225018
116239791
830297725
674898962
937267179
663065567
762453339
215833240
32569798
721011791
774641142
61535648
315713531
633983160
895554987
609080235
851081598
559589904
1924365
899815613
149125356
898003236
266714122
479153557
807242390
274157454
502266999
792887531
545188100
631098641
938504527
488724604
1562719
76380853
50753131
370096730
760640861
495956073
710478928
862612427
434823453
573303272
673668100
628888485
595259346
340833914
681880230
597031966
840468900
216219285
137348653
915236477
880161359
431828069
139423775
248403154
993618959
506871135
193923771
697386725
794410984
679439684
241594360
677821946
977524571
281468045
818484702
56095623
340865894
84231110
599623702
402401828
546360144
105689952
746350916
870077465
822176864
51239297
468336731
881914305
718120731
768201435
469395526
97967980
613893112
961905775
202111031
86320161
18411902
754051931
680802918
543404001
279824297
718899093
297541212
485481788
502915517
128133565
825819008
961807628
613302232
560322475
14095398
766655966
988089411
704280781
888563281
948303265
823563361
449757953
656567385
5960438
684889197
969201890
267486753
499364205
178693606
93416432
653835033
735337203
174518633
929763147
150810982
999084922
12166428
702485523
746224307
242547192
899346744
711992931
598629117
573810840
136919421
432318364
941853031
86067217
124762917
6458175
825023399
664116880
902336069
272150609
138475131
453979334
199333472
25558699
461837324
82864376
816350305
271548106
943816294
36250442
634628980
788682728
790716987
910357070
4510272
149024934
98006907
176958571
895504472
17591886
208728254
783162879
286975705
567525926
695489237
319475399
867609381
86432905
748698014
838058893
853686460
749764014
914907474
942354792
251718572
303983490
154919451
246996259
840845406
557854841
312325646
524801895
833348269
91621280
740363178
398080671
70107669
12288734
726425369
680566148
442306483
801441038
825040854
245896258
624616658
566700954
769945767
624814711
361995130
873798270
105161220
587777676
855741394
972245175
31350054
923826294
249875198
193529278
425995990
261295551
609893327
127209316
974284097
11098052
86140769
620218877
470656736
668473558
419390679
520843135
462666642
388929543
103607505
845537162
797622885
795577345
523736190
581318706
879473918
299450198
372499210
345911798
519716642
758522577
221950632
769708713
821200841
511204569
406130156
907301553
863467431
276333298
230861983
975876244
29396926
222934367
614261670
815731753
860171826
509799759
181178765
714950127
389047903
89555164
434010086
839754477
792678396
553815032
454268403
780733320
941990372
435330501
669993637
912155745
360186495
421304100
421556479
432491454
264751318
888942659
886173187
840024956
72937205
533361404
872449426
819282835
981740792
149163379
587587920
680598019
39212802
9898142
759067635
844866997
291239495
625648712
565000875
67350052
322188489
763480662
175533088
556448781
781422858
578235972
16527404
795475790
804316494
512868117
185122373
367164467
64378267
54587640
808027967
548938979
900721383
686868833
416491728
464680745
223866047
37585972
668824460
532688685
658528034
595919798
20449120
898543847
841470147
967837193
69967911
67388048
689303194
630014488
762015731
299162487
895777404
884452974
569101122
187079466
457896553
751684845
459507647
971700586
790061248
57239627
302011387
579646472
501707267
968985912
871695143
285668005
75425258
249612612
111487152
59629213
539340580
647760891
224137519
382537992
403629458
725347122
907259108
778058417
945740498
944738837
874781273
119315984
592744903
732559390
380249726
851462581
124421298
266692287
138830356
355475518
384206456
52018577
862419685
495792269
582828917
706330037
241113572
170990516
267857114
475064494
463854578
580601499
922004005
595308670
887571590
566646416
709414332
279648730
658762175
234555854
945207141
369368953
897308326
617418196
356928941
869767685
445267884
595138817
602707903
405714638
970888499
939120932
771554137
672208793
537211478
862123501
595866861
245774035
914835466
706409838
535034857
618822740
513134844
672263429
75943461
556929940
573196388
677728212
96748661
923585246
764377055
909848614
639135455
591183267
781081797
193414972
464903293
335150049
54376273
625769733
362236864
146130067
603786466
897118067
70249128
321633994
157315169
817682714
786755558
106345997
583214789
787172215
631145509
755552985
354163484
45911328
122750699
923391157
959780054
754203850
307187736
940684932
44233983
714850647
220207269
186474027
215922458
655717341
48960346
581153837
727476410
758144239
284637534
661254774
16350759
462395104
235735493
796086703
650022199
733131656
449397639
258437788
921277244
345720023
829224740
508142417
164906226
58703213
992542244
591186883
112061812
418315780
937376722
464265907
643373441
365600716
698572663
524162415
370195427
488942482
534477275
529768015
902736182
58131585
673612730
905836815
556799570
384269139
359022642
736831079
12861008
513672409
893676430
748255523
906434072
571959455
580181411
461911967
16166668
269620822
87086955
403012293
991168180
344380056
920749655
571335937
289332836
157317308
332012526
945028987
168773293
367779754
184316542
435053831
743232732
172978308
410808395
171183646
499915832
116249072
694951851
861530724
679480442
446528122
212145356
396713704
611036692
775774112
75385156
149665705
267548156
21057289
726026414
826225420
580199957
190354221
310091879
754207781
961046956
409241148
587509589
459642260
755016680
864363284
343865174
470343617
394864572
777194613
144016903
6876158
469013628
43307782
443700145
938225098
516937765
969238015
63502628
711010331
999797528
721888866
589198564
991304441
869330259
422946041
284196846
637192256
283902592
569471331
139059548
400301139
241714182
682105180
506735135
426103727
910188523
660198153
574389812
161315126
91212744
315124642
154865944
51837566
694386561
678614455
312286237
165867274
717175517
998173279
479386206
135431426
832471798
270637635
656224199
196034418
235215645
649886820
145380650
997086903
699227836
879395726
931262278
95810356
206574669
738523617
873093742
365676518
82650761
859086991
673048782
280418798
232864665
824517480
302831944
571965398
506318385
838864058
744598637
954938045
788159710
257727666
608016478
613323847
624458891
201270680
404350893
302579925
498424603
999836069
706594160
459001445
392301383
196248368
68697752
853240143
35688815
383048127
894959406
826748399
79747235
513111907
618025219
470944201
142498272
770874453
414931574
760566411
375187223
827315200
388684672
960450854
988586817
668537309
826032814
103305950
319272025
710209383
998898974
6359644
782810435
95150480
256153607
318198234
391741352
471220342
634060756
867751711
833094430
226947639
390676482
807308835
528534421
671078059
833839701
136979915
576499879
732964725
766780440
679975495
27442219
710768632
777653766
88806076
899996037
884058268
60503661
978361661
259322900
114354805
426749592
500046989
415996885
144589561
234552470
244163067
454750008
364001420
893781362
521417414
947777790
421737953
145495346
802986210
30975180
438136906
288173828
696714741
457718670
16576177
26715731
700189480
143066107
350828467
511156642
471629742
246868271
997285606
585637931
553430614
194106129
385665934
556107478
213894874
80111915
371795373
51939995
739248137
618451696
330157042
134021759
26029839
204066700
362253160
963209873
58410088
60313803
30304019
776239658
127508983
763119761
402449032
686756363
55819172
702386129
662993147
583602152
993474015
93769069
101418261
603037274
459469504
8424956
368287105
674630397
434229451
960478666
462578329
454074773
484493615
304884153
136248142
346888730
688910061
431056250
668337821
346290665
65538303
315639181
442831416
875491919
584811995
713283729
146606692
296696202
298563108
99759199
763880166
110720877
273639696
318338429
206619343
514221787
453114148
942903400
120408726
135874305
521865344
240035414
254270559
764558013
891538899
645814503
955325191
948399073
743953424
493701542
185423005
276554756
83580935
768906007
777664498
796807023
244821540
55944183
93413315
639329358
39681144
160876280
148172493
466964553
486271337
763872392
684213756
829702074
33346084
920835896
191747947
336622312
629658149
756378179
317981930
742709663
494733097
779094256
239345242
392475620
283260982
898309609
642178602
961610364
28803502
590327511
880989573
950847017
358984514
410024469
85080398
842801490
550947907
300577408
488551655
132545562
622842159
196623416
744237214
99271816
395595420
766451079
545117648
118524270
353524994
389172410
415022475
625450230
211949715
659413824
769600507
884873404
826779681
749664513
903217653
277602541
229117694
729932980
960915904
317144764
925191587
207448787
79117740
66418643
613227733
232760468
782171511
243541897
600090787
83697432
440946987
346394810
204181898
251591946
118599050
266708378
351632703
918868766
192866714
779188184
235956526
719367610
334242368
26182885
81626906
984390122
651520622
996839535
17848268
636147085
562220612
124783506
656261364
808613648
769299411
776371693
703857258
844861155
688651595
13670973
364226347
517316692
683222919
350380555
329126972
696922954
586789681
298573177
225476692
15293985
246995977
753630764
353251292
390369450
542577042
862852098
401307420
288363354
933209608
182734870
898809216
39953794
712500476
884968447
624605558
132578410
174894012
857283664
526526042
639531839
685314776
211153240
836589103
662015456
965348804
685134238
193506297
699598896
407424021
602181611
256987681
214139765
465166122
721498704
267227192
995018003
102268391
18690226
771862561
958092332
636979798
723135816
925300614
371464087
563118506
900431440
277037836
595240862
386061749
81299806
91260711
310700132
420709274
871525527
925090920
44983285
569533698
470881168
205636384
483063312
414914553
561914620
248709842
546192029
46596938
81706486
737551765
567211935
677922881
239492129
534574640
781981374
61654845
302941887
595046887
670703419
887624845
27905020
260195733
874195748
812644953
121708495
567560694
265574113
650045791
42410224
539547065
477370784
501154954
970225661
742918056
491944840
85565495
497312443
712412838
776595284
925084359
615770103
793409063
518636835
556771973
247706219
95673827
771088334
80384295
313267985
884189579
249599873
904088460
701261147
371964261
543116470
476493802
862231153
687120387
894315748
495120020
334273130
515839656
918465944
634723258
776292499
333406385
247689739
884923708
559632428
352065510
248003333
480773214
127168082
614370107
43163558
886888221
717854323
282619785
77542732
196220286
521561843
455608384
955186769
406755446
209959318
20551640
449563003
30719450
912159535
307147509
548547254
781539757
371836400
679265859
794990757
492223901
63229023
816160905
17756287
335341907
477999636
136189038
173274781
904134829
818499565
481680267
856953210
143479094
328153377
590900698
705685913
122066599
682229499
728736507
226889445
28424869
38324802
516319353
585322587
851347198
382547033
877994272
19096716
533498555
553734695
861114417
634393772
696434290
186028857
319561869
484423612
688282753
208104492
629694794
147859800
162817297
305567737
618830688
16299504
806314567
446922914
228729373
159264042
500643721
947388802
945463163
922000306
971875082
324436127
667858372
13401594
884399751
676464879
819830945
529423819
773043426
581791450
484240634
724302211
788280525
734973809
596902040
186503060
318696488
805408070
739535551
90540515
808693061
536239871
216184074
718947815
927541582
559947933
953959213
397707051
113372089
657634926
99463548
389984099
269069735
848059333
529338403
796491122
289217366
507874508
552688068
618258837
702942810
453208374
73339557
18708857
358427091
766106200
272080871
588006397
820295030
387058081
836132113
61365037
281962705
658196541
416165432
191969149
279665532
161816243
334400350
835382570
807605581
472637963
681479595
203033998
972745598
176121633
850340080
290925441
122480191
374682369
174353948
38729800
676917863
940328784
635330566
325309292
809176405
347371242
345788560
543486212
842853291
457666264
49111240
919938909
434250937
778466941
82614138
693501013
161354027
849042164
430352014
514723605
10471940
524545501
123497656
611303869
121556098
364849812
978297267
300743448
157705655
71998735
10258986
462040448
276410595
651633093
767435571
359821974
390554589
836469065
654645562
508442656
888276353
439049711
588720119
4800134
826728544
875765514
673805577
385103298
228846957
912397580
670156469
596512788
405179855
616913659
281407139
952962491
326226760
386750811
7855544
706911180
390908281
962114703
105963422
869862039
426548486
27065761
616758725
420255908
844757154
818499843
208400727
48788177
962854995
256885996
602801079
438185872
33647696
509397588
794691004
198943914
269448008
211556037
384493155
761199740
45968559
502306183
547900863
674227718
837024807
702125502
897573360
272236770
485076243
621577841
424650876
120235204
215632408
559595385
593151882
444598177
735564260
536967420
365555152
211999305
366946003
445599994
112561909
889893996
443833455
32793919
507924989
209162123
75987490
53917402
589801939
208869440
864129552
700253690
18459674
74317966
307621038
641265754
433725194
317199091
11128248
131017217
56558016
841223309
751151783
91452257
428591682
566210365
952033109
450465145
425414217
506615522
995834774
583074815
191088125
664882046
34514642
861443443
806806040
111430902
843804425
48758919
672663936
775101863
454597505
599816694
811233127
741818647
6842502
4723076
604003126
543286643
853508493
550704862
643319228
112910158
8441797
707097895
785579477
328440952
781255880
694118246
748158028
426199804
173648964
365466813
601024019
661579546
877595479
986330338
10357866
97966388
59779252
263667109
232346640
783965225
717015425
841401109
257079018
331880310
782990097
345307482
171848339
414293148
415136807
775103348
761189429
223540608
396201429
898520625
16512822
547612939
487278017
532203501
4825532
209171263
864136552
581160181
140662691
429031302
599493366
380075968
825845667
350478872
554648132
204276085
598619180
779705649
84907119
367491467
285830274
257295152
777041488
162012740
862282460
754347782
884767914
141315873
68308644
904641193
110324765
213640216
972996176
267962976
456677130
694166156
323056555
556453661
382241461
740515612
716517428
140104910
925248383
249101993
494407825
942916960
304480099
279501978
643569374
679940093
111796112
557934699
800156825
17723471
79727265
786301199
325225751
978634177
664062390
704863841
83323059
192826727
565344784
357027707
143139614
420774949
857902249
910410366
816896771
834267314
236449028
857511382
1634831
837819542
348784080
960527537
282114071
886310762
436258313
314430940
949564295
832802133
949094497
576375741
120757262
320800029
13632414
215379563
119083436
650221834
871458141
181590231
87585942
702159865
531972659
418907693
338672759
105727677
107029874
738062421
778260273
945519307
62578449
773617147
160617028
599736817
122519348
707090996
790298865
210154831
587214405
46495684
79235837
464197502
229708577
46542931
537813108
387918047
455513579
335903454
647875711
199243858
609857642
433519875
435740146
194765076
458536191
431552920
94192242
965958133
697961591
346622457
466102478
684654829
511960464
678349410
808139349
846222294
106267091
679775172
762744082
377384832
771656290
625542633
796832361
128566294
987621195
913074527
545428180
372705168
968221970
490853023
473743893
194995066
31750328
333214397
947490062
844784172
563848282
972881819
549848076
966266369
246170394
141136795
593205596
791894792
169615472
259436325
428283216
591057908
613017355
992521695
659143201
564787423
608753377
396922934
35183355
888862140
513956837
12072991
156330830
443638821
894415020
7453796
393450028
35264975
410702396
170095689
701307061
178116521
314230181
372432245
340028496
18217464
896639902
538218628
561471425
830228015
710665289
676088353
111554298
503227495
374975410
782187146
168554113
892773894
277833909
214889278
480568380
532903457
824313648
298540263
893121137
14747893
257756334
424993941
780840638
782776863
476610980
859969027
52027362
140282882
260762274
327178775
638898151
897765676
111925201
569947018
742927791
497940581
949593191
732859586
285007119
87356889
224629467
595100616
886930610
4354356
500702532
754729707
573617561
519238582
100088833
543193697
656957040
823635805
627856877
469165069
840778717
12340014
268125371
921460175
622184248
993492707
410453498
524311875
336085090
593301788
851246169
176077024
698429487
370660351
829726326
585845948
4182365
898475162
32110287
879712310
732797053
921272057
704543956
219456987
248274151
821648125
430641786
79402787
2089501
301106570
212271506
705647850
882411055
185423661
600616922
669504350
81325202
646349227
720331385
20116930
12079483
697902883
81577134
905620419
664392723
433414533
898926993
349365050
686809854
372707827
349539633
768609717
672214626
673224210
908734152
639920682
964131625
695685128
762371377
535031750
423437156
136305141
134086547
289358712
719683635
864278599
708250528
35855984
567228995
856131140
724038128
437664385
993335374
565625852
64678598
415631611
414147536
860700420
616277318
337233344
261403150
964276366
514232466
806157547
906555459
275502788
674999165
161835916
175063369
39744017
693657541
765056534
759932676
197335841
814195611
707103646
238702592
848490400
809747479
365613589
82135069
87341762
81842508
313743180
954134540
305235077
404748309
382935417
885490975
911030070
87523507
663351376
600243037
350879486
535090590
494490913
326412287
470869869
782836939
989675220
693321466
54614059
268443026
901532387
980686249
521519128
448481581
526428726
6205810
463402157
182061785
755385717
731519882
577231347
475488800
489445110
644433304
355577532
489124313
729239821
180021066
463109238
79929741
827341385
963236424
448655902
76084232
134977528
886142673
939725941
300830021
573733278
369405596
564336923
776773565
991901833
577985594
91073153
530180740
724709289
387101279
722359876
550189344
932751877
44053529
713598340
290334458
694883261
355146030
182179744
959297196
100559035
140305519
295531232
898552836
700505081
845015979
973117346
297926652
236101008
350918266
587520941
290314090
333408946
770416710
725144561
290804621
267896761
96233231
645911448
593446569
936801331
888402192
585901996
930986565
205410520
59838051
933293559
286500757
604890014
705055921
203494428
107996318
709733036
217066848
152262724
185758562
388077676
810717482
638365686
869776575
612440414
630275307
273149629
333574770
17310426
453965967
792320907
87007116
568971581
74326457
586242100
768927079
199781454
266001484
793740055
593820781
820485880
374210232
486818085
205099829
458592028
736405168
424451955
409221408
824155213
489467568
316893228
967774317
325800573
151603882
802943160
654511462
157940826
335259393
560105375
301572640
57054812
244376672
5022413
30871033
787126315
436926779
216917720
650739134
337707243
52792645
503923686
796760362
574302247
461049269
351586276
631002939
837006599
326852415
79732511
542155135
135457274
631998650
299449136
211748146
9904930
864836859
692246820
218681731
552921200
438470836
367325267
477532399
163627755
141865177
333950111
91688839
87821100
356614959
243193327
54387062
261524392
43326528
534230931
200150506
37506725
38694480
772704600
580932934
730560912
261023664
388077271
52708841
452071486
598113830
536055458
67443498
190000837
478832970
943155305
944482427
411416000
434189109
89151767
830540887
923426586
319149381
720515105
153766061
268933042
959252372
523204633
291936758
213811022
874580412
164970016
116774309
16674578
458702144
446577652
755307311
53029497
220726883
473595734
26454695
390156181
369394390
830391308
904500491
397693487
675877145
716953992
148095493
328562003
907509454
137821518
450563807
443985420
803133008
268985235
259666450
193355233
381665642
812548171
955740879
211157327
737233536
258766208
30719280
635422896
996507906
840921400
199993104
899583758
26404224
635647351
416195612
510471390
689255542
984167457
125827115
249520113
717530499
493699504
581117871
194482949
350376457
715984198
513873895
723328443
808459109
186557834
517082686
321457524
260496155
708355027
930319563
703673679
111905271
428883940
278487305
103296641
253190313
9842412
823927649
891371303
182316722
347093270
22807571
963710626
110370027
845308518
48703823
859919958
767889015
83122442
570332517
250007680
763161815
988222427
63992823
362526663
956797519
23297608
918462386
973884992
287692563
821689667
43843587
472914766
626099984
798927276
776094239
260389378
456605342
735438466
108662967
534000611
349997612
303843164
480323147
161358820
781132958
177086899
350831333
39685518
54873239
73973956
80270577
524895170
695065745
844961533
495098652
991065838
905220587
467796690
494961661
834736025
6448691
13446470
674591600
203182057
825934332
129759762
90550927
219185508
892285459
284929378
844736160
213112892
255312902
103819172
500012211
480851442
281871678
366963620
53295048
850102323
220233242
566297099
989672862
394683184
207267475
284181491
448704873
275902288
578363911
963021754
862073498
219493028
783363133
648882489
277479861
918229134
520792347
535129113
855629771
672010350
257618018
342505065
880724523
676093504
347611472
600946861
560632207
118537057
334683726
806841042
245110305
732688533
782223147
889080982
657888248
465884580
604530638
71742730
358450827
521296775
740457012
415758382
41523153
759167136
295132973
266807289
799235702
797122887
694226754
153605570
987745166
250692165
195295072
921789723
115345397
623649145
412949633
477142967
574532171
881899747
308202213
162805875
985483575
240272354
971104508
836527309
593726091
295052740
71165581
829461094
993990382
666391761
749458345
822493234
555504918
920021920
33767096
126592737
255716241
593269802
124554937
211556873
925189483
742056173
497874741
171746485
742385939
905039014
951014209
728231260
626093695
354913782
17628351
250353278
266011105
286148826
295792023
457092062
652937237
62729717
281684336
452856671
8865992
624044693
254954887
524125009
194698948
323162167
162977796
103800254
176975614
458241594
434930401
5677472
885402672
560225418
647491115
342478579
63780998
282072339
623017291
437490528
557117692
906204707
402427537
861286090
486307737
318882196
517603047
346207330
730119432
657265518
927596708
199654937
488858862
917279348
398610998
478537179
686295026
42045103
830541420
70302135
1493312
985042720
919926511
823346540
448898233
586767255
870781469
395912015
415467132
757442828
335750466
578625916
457536669
859414517
414592547
157897902
597671608
524726014
617350791
900975239
756117849
633753771
786406919
115526230
162596062
165500349
440329340
512611119
651273200
264937587
529700779
201697571
989551865
943376198
104086152
216365786
262824156
437429694
52901610
636001703
25075943
402756922
10491260
351844093
259432044
479365300
151823025
376911254
843125959
43158768
386332627
555819506
332238282
782763419
591532245
696713689
577513173
931947497
275333257
958294890
188812544
119501491
406277974
781456056
364597832
301727249
76744712
59348153
714325546
259793980
462566612
636648652
220206745
445534561
43524157
343279453
431892714
635666081
480278772
423867018
771324978
94736605
250055650
75290162
187136122
609147205
296269199
186627534
630283606
704883844
534481222
579970328
953888398
151692209
394846107
702377187
72520387
77831227
397397908
61331662
135553719
791007767
861045155
574325505
557853678
761858123
277785049
893060621
323707100
87284892
152728224
790479198
455341296
341779979
644899319
277376957
701855439
470454975
556356009
506685925
426087892
144125310
354872383
877806295
192672494
138990044
96374991
161581325
731366327
529231501
145922117
16272746
939292599
192638815
159095094
77704919
58400444
96690544
49567020
601217026
727925899
175696474
967896915
375416026
992598526
262192229
699408346
860234598
954110779
838219585
732458736
796274682
159135363
844637772
109030207
609829293
811587364
610371490
828407950
690297046
487328563
63309082
140606232
922011754
786099451
79252918
78600833
823283192
849549759
505899846
545766612
712444610
782927390
649169818
778186541
179122209
703440507
105790266
925836140
638353558
291755109
425833961
454585451
690035833
296313588
191479200
806355345
741550846
592868190
507744543
576287450
504702446
572559057
971172273
548434210
994169401
499339610
640258977
222680606
209813273
498368630
383830603
961639671
792613352
738171334
989098394
468567835
288638320
781418456
110235982
301147557
762166294
462125360
985958716
965217792
973780113
90228947
538130107
969843314
380661613
319253903
38660218
598039871
956191896
214174191
388367163
32157084
589203225
49566320
154215493
790395532
597639962
71253517
969015214
849876495
990340296
756246942
848786977
64990657
874388238
828557311
534617442
749601397
906896000
230044992
716178487
683478367
394032158
458995226
36922024
800454972
985674479
715536372
352179319
778429027
58227586
953058734
319883761
422350546
976301386
981140754
473195568
561158123
778144335
46838001
830781405
416223163
350118726
288408882
45630980
898716494
581005821
140998841
35348644
183482383
660701685
838438402
199433571
761388910
208794572
972049741
563626094
903806939
116970406
337462464
119508100
861502456
227394230
753428676
754146502
155962398
309907662
496978632
759311214
680249277
390230285
353398439
929050442
113150647
249256488
617636095
288013588
800831615
484555644
806672342
976502098
943739393
393202155
500891965
569186189
170323227
245831323
392700001
681217440
578875633
302193603
188740914
39590231
866970479
311838290
25062954
67029307
429858047
45027969
678401445
976235704
468622121
248769767
479380743
337650994
474683742
498577808
538282969
802789925
451442932
239465235
972889967
836439492
304605925
899347888
129415219
700501906
26629910
473905603
743859009
301535970
553995097
917523340
645765786
81875335
52740410
816508981
360022681
338026889
701523411
636794906
846793638
715507872
285745579
23176760
955544952
61942671
788006309
759850570
663900059
602098531
650312969
468463245
671389091
593380017
98215361
420801045
540684104
887209113
212026943
764150129
842775621
990586583
756791547
360395978
326461757
105440333
763732468
842932856
365752547
744223911
859914774
434659248
460914544
801571374
186478429
319235302
524076094
532162400
915030294
460753468
89451385
439404244
555480820
800970468
840344570
827165048
502305826
441059728
108884030
580972187
577634346
823534202
311804279
29061103
379613288
895518114
37159610
62847287
51664789
331568165
215492778
924064908
718593232
613313356
207131225
954821240
951548937
910757604
795877974
121317298
709181275
933491767
246354218
290136517
28504066
471108175
714778154
673082227
413941125
80216809
882357059
461672753
783451470
653390485
951320990
711479826
419788991
313749083
482969636
145623711
340305386
72680232
451374453
263054493
101747846
156120544
62083365
113751560
533320852
806541904
856495375
424014246
881145814
330501643
489955529
925192199
752206833
788908537
166664172
154456987
721562569
932879412
796203638
82128429
912438405
8867087
594706183
80177872
335139365
322191123
705525922
918545865
259453420
44453138
547608209
89061809
113592297
44862307
145920977
420109293
253008805
689781476
162338924
473667924
622321276
946068536
630148641
691646697
794383767
865358157
753370061
796301000
281989769
442234101
295315954
398031149
750078441
817972109
306703784
189658417
733333014
863549973
124019677
234922722
398523069
557865150
688249342
842303924
330730664
212270355
603906672
405382704
289670079
585658643
825077336
865524095
197915732
801352665
733856876
21165415
748704904
611371167
140334790
29375264
17671521
40287061
111005054
692042718
25691876
498260462
790637851
974564925
118737174
450603450
137080192
825725736
308108822
937239278
468502061
137717842
414559790
998756673
922781513
23758166
794780900
34062816
811276523
198737956
925373499
1986093
302828067
304351058
124368007
272089799
310492728
102718292
187998848
366493621
979625455
208097570
102793535
24755259
542618310
284713097
167999721
237043764
104715003
425201796
590350792
42285574
960495701
547760558
417499344
967787309
927209478
105723909
433338583
42055279
886190237
528479117
742801894
227106121
915723036
871357560
344648352
993166144
276744110
607503599
716710261
431639946
663077150
566808684
701754133
241027656
130339319
885997003
568343787
375766022
230375780
989822867
133406401
928188684
431556788
74428406
701689969
956571880
34288042
767164310
778493165
160808655
845565493
511639378
285719418
142972273
682775096
627984377
944033335
520979184
628403169
957872273
185280409
100346536
739975252
571310225
571018480
99901360
997426746
24090821
645323638
309438472
543280201
310024427
443228394
813840765
432130978
147400765
670783210
720454442
371676034
724038424
285654256
16853392
668225054
883612211
626771678
842493000
828092634
956547940
456751550
375543011
948415025
181866784
497188884
18381777
116230250
234605608
788077858
870790575
626702589
547826098
932966983
359367629
99760019
33791499
306724451
308979283
152481441
904595719
632117695
942871064
35334516
814260065
843159019
407377518
986676324
76108625
670841987
663462960
75636948
227741929
750865701
582804275
650934180
484657206
52108249
62498816
115831664
610274395
795758092
646346078
345998247
234117385
409238558
22387764
800105101
947294922
657871143
103909650
926705926
363744860
53125918
812746543
539869393
95676010
147222910
815502761
908210875
496440584
550311221
48051599
697356489
961046929
35873220
428433059
437351519
263983575
873403934
863088812
543481148
924498226
953372273
660007014
952728481
463045078
965522266
914127505
327562844
82750946
292263516
574646691
310924806
550758365
452402739
300877591
393989235
635996345
421353661
966593503
911230278
93192137
914947867
55733341
655367486
921278928
869020208
376017610
727191017
73843155
823757680
725795236
801214074
895857958
585423839
823408255
682644607
615385766
310235694
612678900
87459797
495170614
440737620
293505012
539387551
865867746
529351072
394992237
939333564
506621724
120656137
200793894
791464147
752380232
142725099
257759284
751055020
903016896
726669964
174498859
778387058
311978262
98875530
883493875
346710594
472643241
861503006
367916704
452604137
303790614
157173676
572439111
138358019
272837164
797875950
118413692
12746980
618372907
121960743
601667995
417696343
652071778
826596714
260605344
733669272
429068900
178707142
426447223
558919012
834800679
362223183
353544809
895787059
786515837
543894563
851732937
597290565
782916102
918064974
358811565
533487379
310668663
118075389
638772030
748769793
60490035
69319603
419821696
938937704
803088299
492032219
404992234
178356901
767663557
469251915
766860329
639308658
425857597
739183733
5741725
731433994
572468549
38292748
879677729
565300283
156767909
699167257
18958123
461102225
681865876
97754771
480351721
591179231
620991929
739064427
291743457
700685548
520373451
103500675
541098881
817917354
914492541
715211744
620205854
343771629
783063249
455378296
754841377
961474720
826964007
709097496
809958810
863544756
110965706
759361375
106383684
111831470
543578180
863769458
14686656
320517966
268520718
882060315
121925833
787015466
446930183
764922527
926550741
357714989
311248698
809803980
142621577
498875541
974979611
408453690
367919271
450642872
561325416
601583030
678994580
302437175
372507304
379796303
696390205
207130390
864391080
940336829
210751877
931714420
435128870
345467965
599078932
750836116
364250276
131761502
626683043
882128902
127574718
209642321
924130947
757588615
235019883
931187536
245415558
32417603
558239028
941286687
481982162
739647647
83321553
446998210
753564534
198111081
828322903
586996716
683012854
411459868
23647312
751494516
143022503
994342988
694408408
725727873
536057138
754058188
316474456
408425691
359129675
771053555
938491228
413916962
42963499
712392077
985183182
202017111
646526216
189328134
16365221
16489655
178179098
461766097
340356652
755272787
74460083
297086251
98417893
530213626
518932268
391117228
530352615
65316073
910669122
691751379
467553401
983270984
660074519
178097207
958377126
834093994
893615964
231485789
507290190
724191021
536582072
45027920
569640342
64428208
46586883
181575432
447557025
628185637
787714639
240034758
570229551
200126794
480315469
769696766
316204170
960167071
516594388
596620756
559809504
174494366
931451813
987785732
295044403
915417542
87465342
276278978
656747814
564363282
978670765
415303663
424610659
802012233
670830133
871713029
896857997
735548556
904155266
890196408
740188854
10504073
992062745
920116249
990070777
287240568
26893455
100970591
129873024
144205130
950459917
159726905
490784632
410459792
505990621
568758744
369308618
783726354
461452309
128970901
7207048
756725171
627793686
109210077
909582611
498864303
189998474
82369931
653592906
231325302
743066045
190018172
215877858
31154503
118391969
571510021
294567154
914077305
867098557
738164484
542655578
40064679
383513471
351004603
55522194
612995397
3546499
203377409
592994152
826661215
941615185
210765530
612455658
653371595
549190176
155217934
773976031
378781877
991556052
441052801
523367280
381363870
772893634
514791076
956494941
125206480
675123934
821638907
923688274
37006416
620701168
441863924
159512949
608521829
177898274
710083524
610393250
81197051
289277064
908106215
111454878
351854849
336879400
728456000
74998655
265469252
503289372
138874872
945718275
858477162
336253529
243564160
25592265
812033781
536173315
358739160
869994571
386728382
492443362
76786480
812676876
4772350
392105646
567817746
279594476
75865369
178280379
216338487
740597
554769869
769715879
59637285
880989179
476315155
921421270
924317431
942794203
245156763
791735058
407977150
326959360
518378295
263306058
720539804
667726934
919863448
685374654
775276870
751354816
441315046
250543152
541742873
502257658
226189440
935116502
284173279
412901790
780097107
649451026
343990919
625444729
382525122
931148616
486708356
467498782
634791019
95721151
138178629
613196645
727267521
784225529
269121765
223803142
485405049
701227204
120509262
271704995
303192388
51985033
568865025
531771909
199799206
150142609
632217212
715095801
589908469
307524931
953274693
978793466
479212568
135457005
741878056
800668056
849110319
560562048
788139867
129754320
221816348
425815873
59999967
311281468
560453077
815980013
433216452
277462919
934562306
756321557
398742852
428284317
541630970
656336853
62498111
808781679
24733157
603726120
888922257
438912222
453723369
950414485
632947153
714109124
731619481
504853254
319117767
798414698
409946607
730700293
157855448
164570607
295219857
371287363
930200663
902660455
916058693
216102094
636348650
813359188
43196231
787674912
479046674
496061134
369215066
883692062
995442500
625903979
194178921
306838832
173804639
370826807
139060999
741315118
408903209
344608913
407744155
621937728
128555729
854750792
781487309
438525232
851119352
839284984
913425023
881206347
153054112
295555614
77570496
778636238
799918965
702444426
949585371
201755847
954750674
873807482
46604213
65564465
249606887
826765438
168746028
384875617
284527664
2089098
247020681
470007772
749809364
334134446
176325714
417500729
307735269
466901835
418868553
112896281
735449006
858987935
827098116
653737480
977449784
621880126
169514637
888258994
773914891
84110039
965230838
872317966
381640992
877171496
445432369
732935168
271020004
653877633
884478744
360326003
495043474
838899670
27237038
486452098
729107217
293293283
722281570
342581108
82512609
924270763
392537182
759329636
