1000
33873
8622
97719
42228
97502
9805
4066
47736
78388
2219
2481
20938
83173
43554
33563
33462
56147
57094
66450
12960
74990
96035
70463
10579
18699
51271
13640
26514
37770
23673
74526
61319
66599
43722
68799
27443
62774
76450
28280
18945
16904
13032
62079
5283
20413
34582
53308
87169
12016
81220
18358
4620
91357
94889
72530
77442
67430
27601
61112
8698
82078
70816
78896
64931
95495
45528
97566
2852
80811
60675
78833
48053
73410
57150
65535
99376
4202
81790
97905
31095
27945
47685
22413
70262
49715
75455
58547
73797
14273
63494
5948
57973
61048
39087
13812
4055
97683
68721
98819
49107
76872
57977
17600
98010
52739
66640
90625
17718
85021
7698
79628
50641
77589
20938
48736
49585
27324
71019
87904
17048
79113
19119
33230
27205
83548
70758
73975
85388
37983
56399
10428
17209
68169
62526
25620
66844
94678
38222
7005
2498
59546
10285
90197
99262
86128
70256
17190
18501
70228
52070
55911
72668
67798
25577
51177
24886
4735
38931
58432
68509
98442
68201
8439
19417
29249
32827
84846
88784
22957
99683
94584
58329
3550
52349
65466
71974
432
17697
64817
78252
82734
73222
83120
65532
32729
67090
51312
84432
47539
95184
4978
47350
75142
23889
21902
21189
17612
84046
8703
76489
6185
23025
27175
32939
38216
5387
23201
49847
33517
94997
39375
81613
49009
34508
87074
70843
2467
72622
93213
54039
944
43170
30391
78574
90903
19764
82115
89746
43815
14633
15105
90066
82134
77154
26727
42081
20859
76269
88461
23048
24141
25360
28084
38384
64299
44914
50063
87338
99361
77621
88400
93073
65628
98559
8033
33638
23433
71406
96837
26202
5073
55266
47475
22885
94170
92724
90243
50362
36152
39275
7147
10770
67505
6367
27089
69590
95891
60091
9580
37628
96036
47747
42655
61245
15769
33655
1194
47763
68185
75661
32951
38362
9509
60503
25504
77386
1635
5885
17327
26670
23794
84021
17803
32768
41093
77757
2939
78417
18825
46526
75460
60169
13640
3424
45449
11241
3195
17545
98743
26115
31703
55140
3074
77477
83044
24861
6140
9819
30307
74424
43207
24904
65208
2622
13790
18195
4414
10433
36355
14292
56003
61734
34319
31596
1586
42504
96119
56012
96438
77327
20420
12628
77290
35049
77504
21759
92043
5589
93438
97295
89864
70944
68560
72206
68865
64374
35356
65570
46084
55331
42273
34718
93915
653
39069
83774
57566
24470
73943
72663
38909
23908
83810
66669
83558
63736
2878
48704
2258
13324
49659
51516
65968
26626
45190
73352
94768
54300
57196
9631
87787
33431
75655
49525
56204
83388
7910
71812
79320
65936
89580
56418
19799
44473
10288
75722
24219
52466
38241
20594
62471
2136
28432
11786
81030
39825
99790
90052
79486
41988
72412
5227
62069
38754
86837
60098
19765
3124
41824
52734
96708
50061
87583
83868
2469
53331
5079
69169
13444
81310
55689
87887
22784
16803
94470
32089
30773
15930
45010
7382
24407
90217
23297
5375
54352
19826
9766
68401
31040
4301
31981
63171
49609
843
8759
25894
88670
8223
62953
78782
84487
34135
97856
9775
24914
69463
13995
89409
1376
13626
41608
24164
8818
53372
33173
3274
85913
77717
73181
47824
1655
80446
12411
40773
90284
47755
46031
83311
8758
2697
20222
73615
62019
18461
40329
62091
60593
86172
85619
8364
56127
79220
39943
35256
16753
81440
3296
70155
47769
17690
90365
60282
41597
83050
7421
16748
41340
76100
58608
24022
71810
65293
5152
38906
71633
9929
28741
29748
92756
31548
35989
57660
2601
88959
49477
7692
22856
43238
30672
622
24683
29960
88285
44605
71050
92841
69502
20395
24800
33503
21737
13208
99758
21650
50401
13416
81703
29051
77373
14665
11190
78539
36521
93458
52348
32729
34442
36332
26581
39186
92451
36742
99645
80599
57026
81956
55496
51892
28815
88565
44008
38707
23257
16092
53270
3315
3630
47940
36757
24540
19673
86873
60838
71166
15973
29880
47188
53213
69700
69758
23143
87994
10863
66019
29674
39865
93147
86733
44449
80481
31110
58225
24197
89492
5716
24620
6088
86993
21826
1419
82794
65773
54273
17904
91699
51005
55978
54427
30563
97875
2577
15782
95557
45365
48132
70427
1221
17814
97844
68432
81505
82767
45660
90869
1015
99754
79672
96951
87405
51442
58892
47803
39418
41584
74504
86606
33411
67837
12395
49760
62562
87736
61197
8994
21797
80678
64044
95768
73521
54691
40224
18408
50130
56701
5181
65101
72702
3
37474
45048
96684
12411
86051
50284
28235
89962
16941
12945
3217
74315
58100
92954
22407
58057
65196
48525
87684
30857
47309
51473
1244
20031
44608
87724
82404
59032
21366
82889
53848
41036
32279
47080
72431
69611
72566
36547
79875
23332
68216
74923
75669
98295
13756
64104
98122
38127
69773
14510
93329
75057
17715
48452
85966
61867
41995
59175
8333
31782
84566
40343
37098
39866
63334
85889
48668
51811
87104
90219
77092
5549
56275
89455
45352
60100
22890
74840
26169
47484
92931
92725
43310
84011
52675
82848
21969
39478
72618
14912
82431
8263
58457
63165
49541
81637
6662
85561
98797
45706
34713
49485
49643
6121
72107
41735
14524
97177
7942
97512
6368
40773
28260
13149
49278
77839
17551
47644
68748
8032
40129
91510
10642
21236
96283
28659
48852
50728
41794
82679
20102
90594
64735
49763
20352
85874
94548
52851
94835
96646
49636
13876
75513
40453
80307
42351
39719
61574
48799
18539
55703
25037
98479
76022
65705
7252
43552
79498
323
31278
71055
72223
8611
37475
70333
13214
45734
34472
94821
43749
48962
56558
18400
32724
39129
89756
24860
64026
62487
4384
32110
15220
99022
63897
48950
67421
80508
9510
87216
45409
99700
94901
26448
53396
45608
98724
68597
92659
35920
98278
32611
94223
63482
67295
49617
44170
36493
5994
7371
17569
90897
95193
19747
41501
18982
82129
19886
74596
7466
63047
45952
42660
60195
76468
78563
45606
20995
11235
75348
27046
23475
60837
96518
1365
3028
69119
31204
28832
57994
40871
63585
36289
86756
40919
77011
7337
60835
39076
80327
14448
23225
88604
95588
84065
38756
55178
49805
29104
63207
41865
78348
88860
90158
72449
82610
39892
24117
3407
93114
57087
8159
68510
36536
68391
22779
34917
86629
40063
70530
62663
57232
31189
25489
73461
82233
58834
24509
69768
19849
84780
84834
65407
3431
46213
39537
52201
5433
2580
10793
67310
75953
27090
