10000
6481798
2825201
6265175
3143979
6250415
9672536
484597
2207723
9249209
7970911
2853887
3281929
8086358
7695079
3358713
8064899
2152408
7571467
4077796
8953169
1150750
9957733
7374467
3892567
3936287
3541639
3480014
9661607
2048156
9580203
6818743
2735213
3347313
491172
3126598
7924129
1399998
4696985
4141245
8815347
821069
3129728
5947191
2811962
5413614
7311593
5319300
6346852
1631499
2875763
4652025
7252149
8540990
3227965
1874088
401904
9445740
2674067
2905544
648094
6888617
5865517
1388610
8589655
6158448
6201322
3176556
6337654
636228
3034057
5660808
9097340
7833802
3378891
2262435
3290339
6585614
971581
3586630
9211169
5155096
4201645
9205346
1293137
5321458
4268111
7331632
4460424
3357694
8870488
1015125
4324789
6726178
3530921
6935948
1679266
6775353
8389447
1962041
7463619
6595056
7509955
2828197
4026439
2251201
5642107
4958522
1453121
9995005
2547106
896977
4673163
3581118
8350079
4489023
8638331
870734
816561
660719
419306
4624437
1295286
9097144
8076144
2693853
5244210
7997449
3583187
4801719
9212678
9582509
9847548
7831726
8250426
4673528
8820488
6690531
552489
436140
3032612
8279956
106557
5733540
1602814
6528922
5613467
2755931
1220565
8238674
8847043
7778292
4152003
164087
8273035
6795699
7864952
8115967
7470876
1035248
2489982
8368529
3808344
2510466
5430545
1270398
1392719
3823993
1537937
4146500
6582632
5820362
985180
5282701
2297980
1931785
1457396
9333655
4321201
5586927
6909628
3129392
7231405
5708776
1922961
7845885
7573599
3896762
9870042
2247097
783986
280128
284150
703619
6138927
7718513
4777594
2430913
6057444
6512488
1499471
5504655
3281076
8723441
6390674
9033638
8880735
9922799
2729324
9367726
2129404
147357
2532136
6461418
7598586
6153699
8808978
855431
9223053
7890167
3240755
3413784
5139720
4174077
7859158
2528012
8465137
2413206
2393888
4018428
4519524
5879920
4077142
2236412
9982782
4210224
457628
7841060
2606973
3298192
6838583
2931550
1687620
4736901
5667806
1275555
8586742
931361
5940827
4280422
7293031
2360562
2630268
6150291
2552007
3880950
90363
6893580
8325894
8730958
2785952
2794247
1169898
3595105
1113112
7219906
5575401
9917708
8702730
6519282
1940394
6985985
4996900
6076000
9982477
6510543
1515163
1864367
8153716
6048448
9852758
8461378
3685028
1048656
8326709
9564439
1246074
882058
1271880
6739085
5148001
5862271
6373181
1392306
7273956
7749633
3251622
3539503
6019806
3753302
105589
8689742
8689701
8909115
9149278
3539701
3078833
9251291
9829983
4376568
288326
8649152
698310
1278699
2978220
4370668
4987129
4458892
8566356
2981896
7454776
7695150
9950800
5995213
142712
3654881
9324587
7564740
3834803
2300389
5242641
7432093
2931735
6804834
449960
9511615
2489665
6011295
8790254
3571243
1704052
2655132
2699179
2656741
8193684
1691251
3536620
7321715
2920654
2253735
1921997
9960326
9275686
2494707
8617523
4819888
7725199
5632355
4302478
8766956
846577
1260210
3302443
7838153
5180338
7297345
536027
2661304
6941482
3953830
5027439
2868162
4305625
792467
7963940
5716608
8317518
7965700
85644
1544128
9234131
5791487
1960295
6914302
8573366
3319813
4928642
9490717
7601704
4072389
8233502
7287006
4379298
1513389
6221686
6552541
9462799
3276259
242904
5105859
1912518
4984227
2469305
5124195
4084760
1323529
1106778
8299225
4859935
6549882
7189174
9972876
8876435
2409866
3759462
9094376
7728234
8899433
1604439
3954396
1037999
8701569
7190717
3238708
3352617
6748537
6650506
5059023
2282614
2273557
3608216
6570786
4576548
780237
4248768
8092684
3322774
549445
7006780
9958483
7557872
632946
3445548
9209584
5787456
5818624
7077024
3057270
2119643
8422615
9196771
5882495
9386966
7331789
8863081
1969308
6870113
4558516
8572883
395999
8915472
6659631
7599121
7073323
347504
3652812
171890
7972131
8464784
7072081
5665970
7358124
4142350
1527979
3921
1963832
2685659
5953879
9890327
9101911
1553813
282713
4291978
410075
8376336
1615598
8650997
6739800
9203387
1915371
4026331
8067623
5264035
7665545
1426987
4078739
9420423
2812026
8854709
5150268
2290715
8273446
9984159
9436015
6187970
3188719
3028277
4080056
6502497
1351602
5423938
5179669
8172747
7973516
375355
5703533
1687794
9027771
5810706
3956147
7861893
5279444
6214427
604284
7531044
4858476
8395464
4228824
229813
8745980
6560457
5511577
8298487
2800836
413313
4062767
2467745
2925914
2487610
9684556
5963014
2651046
580409
6996812
8270404
7891049
1001433
3554168
5410911
9839150
4264023
9510527
4411063
9396204
8446286
8217673
3738382
6186691
3152705
5033679
4175836
1115166
6205028
6359292
5394243
4841628
7759060
4556422
4607258
4794491
1715426
2170254
7408017
5386687
2141316
4658737
8413983
7192276
5450859
8952803
7071600
6421178
9376147
6682912
5115242
5772426
616695
5963051
2468913
8716631
4721957
1654492
2358570
5951779
6645598
7548019
13036
7374696
9955301
839
9449585
4476085
3454830
4571970
8266558
5905045
558750
6986726
3500485
2546846
4222176
8987890
2968291
7289972
5633269
839215
9049726
3338150
6307147
7525924
4184501
5924815
3314917
4597151
3903942
5692485
5727825
1435006
8624813
3842190
8262618
593310
1447393
1443350
4809203
536570
7882415
163117
9682638
5354702
2767259
1003713
4907317
9393782
3241874
8815574
2858825
5277727
9620326
7921707
1665442
165421
2616710
3705386
6138902
5413562
5920873
8148520
4827887
3433217
2110582
7308424
607505
603817
3898742
2851427
9941586
5131850
619007
536903
1693426
871460
9280682
4146851
2517664
7439855
1384780
9041892
9649394
19444
8509565
7695560
6617922
3820163
7230317
8076879
898504
515090
5476315
9269745
4850897
474535
4994046
7180616
2225661
8123558
8351219
8142720
4942433
5465944
599601
7346650
3884863
9970858
8401662
9319724
8009703
1017495
5323683
5141305
8013944
987242
1244043
1129957
276144
8154824
3636568
3700676
606738
9431203
4096616
1174387
954793
346252
6928804
834848
9405257
3378351
7692803
565890
2507009
7497774
109848
8026895
6773724
844416
3058450
2594492
3157573
5276653
7782249
6501864
4248590
9004492
6134286
2500995
791762
4081811
5437776
653552
2734457
5864818
8362962
473198
5929708
7216067
2666360
9371784
8950479
7463492
2373433
1370690
9930549
5520652
1653664
873333
5765973
1348338
2411829
5108491
3866933
1720521
4526683
4725788
6454583
8034511
4655887
2976126
7710710
1079284
4237962
309362
4695560
5720663
3537312
1107873
1278803
1412906
2779622
3865615
9163313
1712852
4892129
9309039
6064892
6048167
861742
2868931
2307113
1744235
1008174
1279212
967081
7227428
43514
5544397
8699646
7734461
1881893
7233490
8294738
5112641
2607132
5636930
8759619
5680433
4009791
1423537
3468181
4168004
1919899
7541635
2848510
6197962
2180170
3106338
8699353
4069426
2686183
8320986
7306745
2601561
561951
7762970
4028546
3321362
8651292
4249183
2233891
4377898
8392210
5823760
3337476
2579334
7658266
8216653
9698062
5981811
5837612
850109
6728997
3901069
6193912
33324
1644869
3422964
5877370
1087690
6316402
1311557
4527131
98680
9539024
2383175
9098789
655427
2233635
708330
6935126
481815
4785871
6381479
6734382
6371995
3937617
6488508
5597401
8818065
7134301
8320510
8748956
5505920
7919824
3899825
9473444
166332
122183
3920001
7467987
6279678
7585033
5724646
789472
219446
4176921
4398282
936298
5663097
3961045
3321513
9300708
2684086
5202408
4346628
9379765
199867
7913857
2402921
9837074
7367015
3505700
9082009
5364945
3461124
1262996
5471061
5598766
3389505
5759819
9479530
1839869
9078030
2178833
2816642
2640150
3501824
3079162
3933342
8718854
3631657
9715812
7678295
4722935
1274927
2335212
4541182
7937760
4034197
5314030
4841766
197310
1713476
4468306
380602
4476016
68943
5732753
6346563
1078978
3908920
9910823
4312802
5705020
968332
8277714
9610256
2343944
5822051
6680672
9669786
3816363
1380225
156283
3608753
7690189
9497229
389522
1362844
9745960
3487647
1493687
8521338
9510827
6922297
8210593
2070431
469507
8086580
2161851
4019559
9993179
7331200
2016215
1712141
6237227
4352423
2172021
3828489
4094320
9868802
809936
9037492
1137349
1130254
5792857
4894510
4557382
3808381
1756444
8334489
3766437
4712384
7403175
4192961
6371008
1746496
978102
518420
6218851
9555249
7258403
5623405
4169750
5681879
3776369
7344612
7993620
2351287
6632110
1093386
2381608
7541473
3135307
6081770
9915422
8938590
5213945
6468708
6013151
6174012
1666188
4521724
3935870
3100288
1894590
3022024
3812635
5578235
143998
5788402
1126498
6767364
5475716
3101056
5449686
1982484
8069965
512745
1032787
8458927
9360230
7645851
8695688
3997432
4970442
5656546
1714036
5144084
3101695
847406
3909118
8075286
3934338
7300039
2762112
7283423
6400463
9466883
541196
5255135
9115000
8607711
1538247
5100976
7181314
3617026
6762899
4452630
3722328
397708
3447910
1343372
7394652
8828829
4868426
7756588
557302
7367603
4289225
566079
3809217
1534856
8501501
3343734
9671824
7391836
7090764
1508531
8497527
4793182
9244269
1386580
2689465
7152656
2105263
1955367
7197911
910448
4501907
3331136
6847517
2506861
9747798
2961145
6397953
6790872
34421
4942201
6542722
1540233
1867564
5219996
901611
5571352
6420415
6227069
218437
6405357
4279024
7158438
7171895
1564238
4732542
7829393
6126737
3022443
5056397
265151
1331213
6327762
4332436
1248826
2123845
2516096
7172012
4666661
1420849
68964
9415407
6377263
2323546
3172867
3726613
9916431
6605399
3420042
6815189
7486804
3174684
6580899
4770027
1612802
4668431
5569227
6260743
5444578
6242631
4516258
274567
7404284
5794836
9509920
9671912
7881158
8184320
2498878
8755068
4208740
5488564
1408349
1060642
4875910
2210646
843053
7251665
9843378
6274014
4560419
6812024
3175059
6579796
3816204
7059026
4567771
5968064
7496231
2801343
519645
4901741
251374
4801466
6807123
5261999
6208544
9392084
322427
2644600
323994
8269360
1637670
1306619
7527653
6981708
894791
6919774
9603428
4636223
7500847
7391304
8679491
6046909
8359184
9665523
7363261
6290666
4958381
5550860
3497913
4639405
3164485
6269794
2649734
1910993
9805773
4771090
7060083
1331563
1571490
4766840
2757223
7460974
3510090
8989391
3458262
8569002
6209102
9753483
2614189
4991270
1062339
7596386
3259789
9134165
1999195
9306655
247650
1223331
1496704
4212504
9530062
6322354
1175444
7274039
8094309
993994
4002397
2800761
8113914
2422757
7132163
5780252
5076351
7118464
4683428
7092048
2976727
6537048
4537491
8395162
1743688
7537067
8462129
2232621
4678880
1387904
2118706
3083188
9277568
6301044
699383
6740257
6492863
5618296
9968881
3901289
8146197
7172100
167717
3278376
4436162
3842083
4195760
8063120
6595413
4433851
6774254
7087514
8950133
9171779
6436679
1873353
9310232
3048069
7252340
457834
6684275
8253262
4784360
2563464
5776038
7220093
9275914
8610668
5248453
3834817
7769470
3756014
5062451
8372413
876847
7995750
4973516
7239159
4434337
7586699
3301346
6481388
8800823
2606935
1376130
9562358
9422916
2026169
7195839
3894930
7241305
4877467
8258550
7369032
4173022
2720618
922102
8705140
2647386
7469244
9729311
4777446
9423862
6641704
8589271
8941376
8557809
9930332
179280
3361996
2661795
4832682
6018631
7214030
1165144
2589432
8860975
5148057
9117779
5823603
3273942
10254
3163552
7590052
5738991
1822093
7585569
8158485
4495165
789733
6561301
7902724
8377992
6733723
8951474
3872469
7881392
3123422
1974926
5310680
8833165
2620828
4091297
7595788
4231138
6770184
4557810
8529592
5498075
3399891
2576187
6727793
6173100
964909
2336458
6702552
4404946
1156461
4731003
5792316
3143682
5978705
972342
8330278
493231
3250047
309204
9124383
8256234
2794010
8199535
783807
3333696
6476918
829540
851600
7704211
1790969
6819695
9274235
286859
9467687
3405240
548334
4090559
8879851
445432
6669117
3954183
518341
8385491
3688246
9734225
9437331
4632528
9508196
2483720
9045946
5243699
288632
4392603
2278501
6935120
4310866
5412669
4825459
7153040
9215043
9995127
7397970
309361
9905896
7457691
7226795
815594
3130198
5338994
5918324
4380500
1374646
2425469
2765768
2273821
8334241
2966578
4234181
9418970
2089376
1328207
5442209
4790179
6097283
3599125
4270038
2837053
5082477
2827307
1964474
2664266
8723655
4114153
3504672
3719444
5435412
2686512
544799
4827067
2199601
2499759
2112761
3687832
1530818
828320
4955103
5447404
460789
321668
1790001
1156043
2365342
2816258
7824473
5088988
8791516
4562868
144190
6880946
9299743
6049466
1743371
5296585
890327
8563505
7444418
3903006
3525365
9637347
5422000
563354
1716330
6457956
3067554
9314751
4255625
2880138
5888336
4200435
7533912
2131102
6752518
250947
7193385
6155813
6133657
4975077
8339071
3746632
6331703
4970837
4185700
1961435
7254921
8572324
7057666
6066156
1811592
908434
854889
3245715
1264026
171917
1373520
9678776
3095094
1227374
9312739
9274140
7783400
2167459
2872000
8539879
5609821
2562565
1685555
9071450
7596481
8648581
194268
7158503
5537376
538218
8191106
7839061
7977446
437389
9462482
9578880
4708494
433391
4828585
2841337
213869
1045887
3681249
7947917
4412911
2052463
185871
2939881
7183583
1354232
1129934
9151386
522932
9210354
7671639
184400
8706729
2549952
6223604
9676566
2990306
4128255
7206237
1483573
6076020
5844753
2928252
9753291
7796400
5534733
2330452
396887
9763273
154161
2886780
3802914
5000712
7366625
7052329
6527879
6310849
3680290
4771273
5909610
6240367
2907910
6092999
5231947
8892203
610884
9472271
6857881
1528405
3124127
912438
9542617
5598862
2925777
6703072
5946496
5040789
3319797
8340204
5529382
8627325
2904796
404504
7106144
7117083
5711022
7339848
7225082
9199939
9816743
8652444
6556607
1798275
244674
2530681
2455352
1870944
2266973
6086759
2219934
6301211
8474187
2382511
6371782
2689418
4790652
3642960
7150290
5036070
3170507
7548848
1652455
7953510
8063434
5987856
5610131
3007756
5053036
4919272
539069
7106825
6504231
1444957
8185719
5311789
2039285
9916464
1013419
6203658
2615970
5565082
3779896
3099945
1158355
172976
132515
3047057
3366369
1585951
3316849
7660835
8457674
4629322
77994
1196403
8219469
6051635
4827987
1134404
1666925
4729373
7993747
6010700
2979477
9151320
7581420
3965729
8163323
7167406
9900489
9610251
4797623
6157776
8334162
4278454
6015067
6416193
4632079
7793327
7131168
3102065
6507278
6416163
1195520
5873106
6191998
7745090
486080
8665405
6357102
70740
2780879
2205441
3191962
7914630
8771547
1031307
9373970
3333163
1045128
4711175
3117457
2649131
6376022
7417439
4608487
5445802
8951864
5478728
3607071
3249586
3545298
5748257
6453914
2590575
4210058
1992908
6951814
2182101
669253
2968108
8851123
199129
5463669
8948771
3196543
5210148
7294658
8559772
894678
5846544
1516018
5094475
531725
8418308
3402972
7145035
2283402
9410453
4498550
3500100
9157119
9175096
609726
1245868
3058669
3580804
2739262
3421102
2592620
6254292
4951503
6088884
9839274
5780601
6868089
1986030
338218
235723
3506104
6932328
397914
2130380
9162344
1903673
9681892
2932376
1211980
3202319
3806091
632520
6762349
4802495
2754727
8035102
4574682
7371782
980679
713669
7297330
1178442
922834
4737649
6847542
2933428
2451813
707090
4860499
3171254
6837365
6194706
4817500
8088932
5569230
1021006
3095823
6875787
3098907
7853473
728598
4229730
3689181
7113216
9761195
8111810
770291
4557381
4950188
1426362
2098219
9686320
1423024
2606920
4125582
7468098
3768516
8527111
5742348
2601413
2708774
8311655
1390066
8509343
5150346
5982995
5815480
6482893
5013006
5086158
4949755
1094587
8784951
6187944
282836
9496997
2855944
6757733
1949751
2795378
1429149
7163758
9532441
1372509
1979169
6061321
5832652
7402889
8789980
8444011
3384999
9914909
7596498
7473391
4677546
6771007
1283352
3953206
6561548
8572429
3137534
5870817
7792024
2514338
6125050
1598996
9393468
8651069
8575326
1819830
3839467
6372985
6076184
3952884
320742
8619268
5379325
7593768
617634
6700097
1477397
4097049
9883116
4407599
9119911
4442222
1684309
8271827
3193986
5783702
4630323
4296378
5982642
6182898
3827281
6138189
8967226
249421
2692798
5748012
5763706
3975978
7383418
9315353
9855864
461347
187787
4002636
1978552
4127244
1119334
7627689
1097495
2984790
1268376
7866663
2091759
4251869
5380284
9877709
4170930
7307561
5499542
4933732
3342853
4374593
2259402
2567215
2178291
7441270
1734455
2488860
7300409
4228837
9571958
4160968
9550901
3294614
50238
2043779
813280
6316204
5867440
6754841
1728138
8174168
3866739
8885205
1829784
7048809
9811183
1653817
7301215
5726683
3596728
4075271
2353951
4267552
9636748
7486001
2809857
9288468
3830499
4005532
7639276
2017276
4232971
2968288
7477595
9651976
1242008
7272860
506971
2483358
6272156
2153420
1293456
1571251
3367156
7558574
5187181
6356934
4462997
1745625
5123229
9866991
7101218
6988175
8390235
3815889
2134707
4506240
3388476
8943583
2257921
4579781
5299988
5730953
5169575
6483920
4315415
6132660
7780702
6933779
4826399
1963342
3083277
1783664
4856511
1682677
5162570
2442252
3398465
8723659
8450447
1416478
126428
1039408
9169897
3703323
6173585
4773696
5636408
3512434
949045
531050
3059785
4768187
6693901
1787552
7546786
777782
7360194
7316396
5520388
112132
6531400
8241785
8789922
2115684
6493691
5901882
5721789
8331614
3496973
2048073
7583646
6412269
3583539
6142254
8459001
9086752
161331
6216024
8350046
9859568
5966276
4561473
1380052
8613300
5285525
7254953
8661038
1302732
8739588
8258209
6490028
3127782
2823411
7738857
9072633
7353809
8807811
7072464
7931508
1033783
1250484
7281467
6581457
317237
9946353
1958427
7559334
1954553
2218090
7792100
2675561
1270328
4116855
6758410
4834985
7311166
2425814
9835946
7036636
325083
4549939
7043674
4408531
8563987
752237
5743455
5546201
5759660
6264352
1561767
9982491
8078314
7966827
265085
8662111
8499100
7439861
5596435
5389007
1902740
4752230
2701329
3652597
4320426
1308012
997511
5983918
6368918
2470219
8471856
4268065
6146744
2402049
8081722
2120314
1200501
5331081
5681025
4811564
3104263
2775664
2038376
1137782
2886729
1588651
2488120
9328038
3851183
1399153
9416910
5510097
1562052
6998352
7304632
2596858
1386762
1700278
299094
1040495
8966533
2791264
5995750
2300418
8457523
818629
485991
1916170
5522223
3712328
6918990
8650532
148620
7657554
7515636
6048285
5126915
4251555
11383
1934782
2152117
3136818
5085286
2926789
4680625
4395069
6718035
2219315
4108718
5791823
9096035
8754624
5941036
5202067
9086046
2024246
6329648
4951724
3152703
7070950
7136128
3084240
1445097
4745544
6572325
317783
1160195
933025
4151338
1817023
9729905
6693018
1086477
78557
5278175
9188529
5232014
365596
4527686
4327914
1190162
2547569
8382498
7599132
849152
3047708
6624461
9795664
6842402
4723240
5145
2744711
8508945
4266497
7223129
1836035
3563169
6980436
647129
2262057
6774070
1362286
8612134
3432304
5643728
652635
1909848
1571209
630757
8142821
7884081
2427729
2712006
2997153
2383138
2945368
2261586
6011558
5798174
1623211
6119413
3065063
9261837
2254800
1389436
2164869
6356776
8624987
3482482
3722464
7354009
5960302
3339658
9328672
5229842
3759528
641593
4461538
4794011
9487424
4191980
5764668
8157929
5161164
6369799
2374434
3498273
4234743
7377798
9981617
2190558
5852590
3469239
4913535
693229
2301715
8610052
47440
3180220
424757
5468868
617965
2197148
7614893
6469216
2459468
7963118
8236610
4367698
3601467
4855645
7206666
1383535
9457470
5359198
203975
9749652
6650307
4846714
6594627
7116531
5516238
1590095
3050651
4680390
2028726
6283754
4884385
8616750
2305884
7131880
5174846
2194785
9762219
6855433
2295373
9103961
230935
4898271
5457718
724518
8456393
305905
8076737
9958298
1029930
3132881
4287775
627572
9569205
8960424
7240627
9687047
6591498
4710709
7064070
1553184
4336093
4995270
9410314
6799479
5269715
9122552
5201031
6169375
6644830
3088762
7386685
168211
9709695
9311
6887328
4699397
9940004
3699373
1053418
5380844
4021123
3785370
3337259
7703212
3061302
899404
6268713
2520363
7445017
3456493
5474191
1419169
3001528
3757107
690027
3424187
5606918
7422267
8771795
5943918
7529753
6315029
7093347
721751
5853484
5259804
5228648
8346501
4217053
5536868
5465189
2487135
4996660
8970227
8324994
4512056
765600
8066954
6324689
5246361
4193514
521185
300722
2222531
6976818
5472506
9358819
1793196
5338915
5553840
3559040
611630
6231163
5394315
2635715
5983024
1075256
9273835
7839364
3894125
1646661
1616941
7021209
813515
7178436
6554988
3311247
8008090
1243945
5270877
4382747
6790642
4691401
4553188
4805377
2704919
572155
5298416
4910861
4371791
7449872
4292573
8952393
6040430
4767832
4104485
7577424
1818451
332428
5315766
1385597
2417463
4805167
578036
1211985
1012365
4250076
9783837
2703193
3966915
1697631
5616954
1384982
5365191
4798255
8391092
7735197
7905773
5209357
9166278
6544283
729704
6620160
2849100
2002041
6421287
2777240
6908849
6003255
2460213
8869974
2204235
3662379
3341714
1499053
7874200
2885527
144501
4347909
3432580
7866611
8798451
3159625
7503226
2550052
9234814
7510760
2496211
2959207
8284539
1932471
1025062
8619666
2193788
4892520
4964990
9117685
5971809
3054926
5965757
900654
2947750
3413887
142036
9180042
2975198
9133432
1274056
8372606
444652
1662789
8469562
3121175
9449832
1951670
4047904
9484149
7236876
8290729
530296
8959465
7632474
5269607
641408
2260825
1037339
9900202
5224065
3316473
4205288
3472918
4757427
4478811
6532527
1108529
4619277
3762701
770584
4441378
7213463
5626791
681614
3862807
2492025
2161954
5652172
4924379
2578764
4462649
1409800
6165771
7144889
8901344
5967439
1026171
6090416
104810
5980526
8053104
5492776
7075171
3043911
1950096
871382
4278016
2330307
5186219
4456737
201798
3109403
4276644
6224550
7743277
9074508
5626036
1880450
5811745
7004659
3800163
9159030
4938860
1990150
2493700
3925156
2851074
1892020
2688717
2907764
3993293
8935192
5459351
229996
6434195
9684008
5089438
6848308
315148
4626048
5430144
5786436
4568944
4874767
3598298
5940155
6892704
8477507
6470372
2823519
5975263
7877650
3694925
4804302
3542014
4551842
4884068
7220697
3597017
531902
6881274
2943728
4577609
8920844
1345889
5640007
6297930
7913840
1736837
7310522
2242464
1423399
1905299
6474393
7543004
2975376
8706088
2719902
7041793
6918875
6298899
2386898
4210839
6730226
9159876
412079
9696689
774939
393763
5695775
2077007
4088907
2887172
4815767
2717986
5734643
6849271
6701025
401372
5118831
8961988
5577972
4462211
1953629
230554
9917566
5335729
525887
4744734
3136043
451455
2810756
364632
4365277
6496020
1413206
5177494
3918792
2952334
5595933
9841023
8515722
6127953
7385385
9540252
3454226
9213569
9556891
3529710
5671269
3762530
3308623
3950485
5149596
819840
781767
6740728
4515828
8503926
1601148
4734908
8937121
4866852
5899587
9472582
705381
6266297
7194579
3190316
5123499
2129284
8769642
7222824
8555196
2756136
9585208
8261799
2131587
4656163
8795469
7005614
761593
9815771
3579069
3063652
4335505
6111654
7491917
4179413
7884220
2827933
8763675
4775680
6297023
4970276
3425078
3837965
5698833
8087963
899375
8367836
3143264
1767942
1902922
822433
8232675
7961418
1122588
1911396
7460766
7875301
3394725
9313075
1842165
1906269
6941820
7871381
151831
6986194
430729
6155948
8918790
145373
122491
6706002
3965934
845834
5408475
1127758
9416103
3014440
3680521
1132181
6566027
2209703
7277961
5028350
9902332
946655
2314641
6998582
9584648
7014016
2089858
8011307
333017
3170772
5668502
3983397
4132685
2581822
4363648
4993669
6603561
848661
9386580
3922777
6086619
4209746
5032348
3595919
6529454
4813520
6951745
4373636
9300315
8797392
6276061
9266369
3415404
4436069
8097330
3804668
7140659
3888965
4849166
165881
2959189
1644765
9961176
8016738
3884640
8680878
9283321
3294146
6864475
1174129
6490116
4416215
727884
4197984
7746896
3799490
5612274
4716142
5202254
4670623
7740407
2593426
6366406
7124326
2668562
4485376
3428185
8930095
5491713
4283333
9290015
8689030
6446140
9987361
125207
1009538
6249318
9862803
4989270
6341277
3500381
6838227
8227182
8177529
4123032
9636675
8577983
746323
2497093
5546963
3381418
836010
8182945
8185599
1615065
8830865
6617844
3875257
1208157
3213939
3775200
4940314
3030521
2834239
1648864
4319081
1408161
8355782
7397291
9340885
9515544
789809
1195350
2647904
7883205
1739799
5389363
7776092
5634654
7619254
5349575
8598597
9891683
4328240
9273651
8207322
1641265
8411344
7797036
4334911
4571160
4777213
9025477
183930
5196535
1413187
808566
5542662
2036662
3312451
9525063
6172931
3637569
9235655
9309137
1765764
5359805
1866245
8306055
4041450
7100899
1211100
5156030
2601420
3752875
2056610
6657033
3525581
1201267
8117327
8276983
4025673
4600463
6605235
9368205
6480720
6590439
8844146
5570125
3748382
4965626
6574884
1990117
7749405
5572824
160287
5467513
9966604
7911299
2649876
6949029
9587946
5132181
3726882
6260001
5474546
8456320
237582
9274303
6484788
6553951
7085094
8248232
184919
9219910
6449158
5596962
131698
9210017
9882084
825473
5608214
5248644
9291537
8114843
4188858
440272
3369402
9057542
7818018
5818862
9838466
3362546
6285046
8831460
337406
2336128
3840991
7852467
3757076
3922052
2527019
2969609
9783914
8204979
3526585
4120311
4745415
9955545
6148963
3357288
7281749
5610667
8197
8814604
1827201
2191016
1268220
6809164
6778464
6832436
3104550
1079272
7380901
7701932
1652530
5275306
8365617
1240739
2365131
7698378
8026462
2824096
9468299
4949160
9692606
3843704
793332
6259316
2355466
6458904
3249861
7746955
1495321
4361800
6839515
1428098
7789941
807676
1354910
141502
1210256
1352035
7405306
8535988
4075214
6122478
5143483
3144874
4314721
6625123
1198421
2663035
3314576
9033632
9807023
7509534
6914493
5582809
2714981
9943254
1585617
4352899
4444827
9595972
8589437
1202958
9047933
6598503
3585261
6789266
2585159
3771607
6913427
9779598
1522074
651715
3482151
3391881
374843
4545396
1438107
9124878
5708090
8132372
9659831
6756776
5650709
7421278
9439213
3234026
2447463
7864742
5348456
3115902
2148641
4262925
9952821
2485527
8652771
324548
5564593
586294
9715555
4357656
4884029
8846307
150043
3193874
4822805
1456234
2975812
6591860
3315312
3574345
5299863
3722390
3016460
4582352
8320291
6975422
8417966
3866719
7263292
4973666
1441018
967741
3393226
709295
8410132
5031508
6330178
2105597
6210645
4834546
6616923
8783110
9629986
4579889
3075841
3172416
4742442
5948150
3937712
6572833
9423580
9304144
263067
8731243
799403
2172571
4300884
4961325
8225224
9427945
6579826
5795602
8292854
6473924
3984528
6910822
2258420
4531945
257618
2675611
3232651
8461561
3122012
8584438
8320038
4251552
7697349
4478370
7728630
2149080
789776
7737577
5732540
2795830
9000538
3953009
6925719
9089243
7557767
7852116
1576092
3850256
2995029
6838595
6520707
5753985
6713490
1585910
1712730
8009482
3571688
9226111
5546140
2331463
5647026
9389545
6978712
6246788
1787876
9605382
4411275
65889
4616807
4396029
9054289
782273
9547413
8934166
5426521
6429412
1018508
1983459
911665
9560251
4445239
4064612
47130
6555740
9115108
9713942
8280469
8080386
8227599
513108
6205453
490295
9150341
966303
1351432
4450021
7754750
3096450
7547735
9294564
7837381
5641304
468124
1314928
3448372
6890085
1540455
3614255
7272710
3182019
2326868
4330716
2079232
6795496
2307988
3762182
3223477
1626265
3736748
4400480
4695752
8439213
7280137
4800932
6124102
8049428
3371226
9925976
5462667
9805595
1625117
46119
1676948
2139721
5148627
9302084
128929
8429059
4486832
172407
6498372
1090133
8967832
5261431
537478
891933
4037583
4893524
5444775
3004179
193904
6958838
33022
5374191
8865298
4208349
4897302
4897552
7368255
6741763
7864659
4195400
6594744
7851480
8086479
812154
2449026
467476
5377943
8696983
5361775
481063
348768
7681873
7705998
2080328
5243439
3733193
841015
4700142
8050989
5034331
9607306
3550945
8777527
860667
3489511
2173459
5555679
577080
7269182
6310380
4680594
7575774
1007685
1203419
5711524
7970151
1735196
8858401
141146
534581
7896615
283482
9903256
3995447
3800844
9755351
646053
7071641
7294546
9217345
6645419
6014686
1706019
6247920
1251087
1418133
826311
2610999
523185
6510323
7769733
2839816
8275946
4212630
4697738
1327688
84583
8444344
1669453
8779525
5036937
2832597
9093130
5064296
5707094
2739977
5412322
2162678
3288924
6855426
4776146
1220746
815334
2598694
6711119
7409770
3171938
3413737
4873752
2099275
6084342
5731642
4442297
3559428
7983912
447783
2724407
3617724
594197
6225625
5938891
9295380
6086996
1897134
5732971
4947667
3751780
5650446
1852703
1827907
2427578
4151926
4407313
1284536
6294134
3653553
7952424
825053
8291114
3763358
2730667
1870495
2542349
5895264
5935900
8407369
6403723
874535
3757978
8734835
1998368
1709616
4658524
1241679
1249468
67218
6702808
7995500
4425745
7836298
9905955
9407615
6997491
765147
331632
5847952
9902187
8189380
5862004
8946924
2538784
6319004
8332790
6208803
5013457
2450525
3309055
7491059
6731673
7541493
6092571
9607429
1538038
3802465
8339339
4755937
4995096
9810055
5690747
3432429
8259506
5340846
8435118
8338856
6800798
3491803
741231
2623216
6641210
8087234
7812141
3397255
8444316
872590
7337037
2785093
7033285
9512949
8107630
1322538
6557488
6045276
9523299
7627586
2350613
565248
1958987
7205632
489599
9465437
6095176
9790612
2700864
9517890
6777745
1064846
4720299
160868
9131963
2897833
457169
7600205
7231572
6740806
2849558
1601198
5133860
9693414
6750257
8590140
1520790
4279904
8555957
5198115
8426035
3952489
7959128
3870153
761055
140535
3112123
2627392
7847912
7101414
6490068
1117036
771926
4222154
9737809
8183254
5275246
9831263
9517518
111672
203982
7389864
2587095
6131917
9429593
8857026
6721628
6650087
3974941
785795
9413519
9885377
8875371
4804431
453583
9542374
3422470
5466078
6472124
2447849
9214660
9493380
4190999
9747274
4639657
5722316
1614559
7993034
2806913
9934274
6250787
3355568
4094690
6932751
2570450
3118272
2024908
3908188
9570841
9152088
6156928
7361027
1714413
5276420
1586017
6256548
5510730
8752668
962727
8193507
7239865
2838170
2634279
8121675
4538014
6951241
9339242
9456959
4328483
7955541
991109
8407985
1042894
5780410
9705599
6340246
5814876
3386447
3809863
1170629
1707146
4915535
3685987
3198325
2164863
1428748
8856631
2196431
7173346
7058031
228281
9364319
2266433
8026254
5043005
6680218
9212917
7160241
26253
8675404
7011292
2949376
435094
4310745
2656120
4072450
6315385
5465818
9790565
7336648
616398
6534637
3572873
366077
6664292
476041
9536769
7418635
4703280
185333
276533
5608161
4343521
3168661
3481771
4304770
7475233
1067486
1510325
5324148
5025751
7033397
6873500
905725
9753765
9936708
3248031
92576
1146660
1351336
5272863
2161212
4418376
9602175
6089005
7836284
9058138
23427
8782118
3827755
4816402
2355083
1269479
4325699
5129594
8083291
2087704
4681388
1970198
5309686
1051554
8688092
6638736
9887457
138101
4495986
956474
8866921
2001101
1543313
2479406
8042536
8495978
4679565
7340974
4776128
4852994
9758027
5360355
4617448
6214762
8521723
1588638
8591186
8524611
1396522
2936269
2673647
6944753
576569
3457049
3264459
6642522
3664595
1924764
8406722
4609702
1762868
6691130
3642698
1122536
1967968
5886102
2030840
703739
6135525
9961486
4917029
6537820
2179150
2505129
1337734
2089508
5094771
154831
7377173
3720985
5397600
8143469
4601590
6088621
928762
717235
2507263
8271136
5861630
7422712
9014804
7555553
1510439
4568080
5405703
1890789
1316528
1553005
4202634
9047375
4468877
2793372
211301
6806078
9066944
3324185
1389798
234352
645328
7376269
2237797
1679888
9186755
5304264
167357
596206
9719076
7849926
5668334
6092337
9049427
1124290
5438729
662355
7557984
8123398
6950768
4006181
72845
1710414
3794164
867660
771237
2111626
1511127
3223357
1423430
8252423
5268224
1445322
6782931
6550878
5723708
8926198
2443618
1215073
9915290
2608901
9278603
9343286
8053434
8904480
347552
3619619
2168972
4425326
6065665
4151479
8550751
4390516
4313235
4064095
6780892
7070871
1002130
208612
5610614
9162609
3747705
1952799
6153428
1972364
2794071
5957585
1576284
9424047
3696585
2744935
6629309
4596770
5786420
9380315
8959832
6464963
129024
5287656
8874299
4428583
5392354
1964627
7167578
6671177
2473456
7858369
1326311
4982452
2811870
6711152
3740858
519631
8928569
8795317
22731
8065301
6360388
7405102
6356814
4955402
5674958
5995565
8660211
5896397
8614869
5433308
4627931
2239273
6771320
2867098
6707929
9182591
4455506
1574007
2367821
3354575
1465922
8710843
2529884
9246900
9675410
8388991
1108906
1173475
4306821
6996598
2199534
8469685
3811579
8455329
7303186
4021151
5588730
4363348
1409572
4274696
8284908
2829077
8332054
2023561
9663105
4282200
8957175
763077
5556729
6214408
8579492
7001706
1804154
9641151
4132714
3864933
1787498
517419
1423593
1268491
2064390
5670761
5721543
4664581
7991047
5779194
5374512
4947287
2425629
7482320
837240
3829946
6176723
8998995
4573923
5767685
8753781
3229682
2322605
1363190
362885
9108379
6903513
8920400
2209450
7655774
3091342
7654371
4182221
8012847
8939787
3760331
7137634
5856373
5976263
8456535
5782598
7162622
9386475
9535725
1111410
2583928
7623874
8857921
757729
3214089
897369
5385354
8361376
737818
6616037
1541745
4400250
2963709
4044700
3600659
701545
3333977
3790770
2933296
6382064
3249692
696580
2177279
8772864
4295035
9502159
7467513
6174736
1415680
6450209
1289258
5163888
6712475
1168983
6610387
8690880
6803005
4878357
4490445
7496719
4885997
3516359
1178470
8851683
2147261
3175037
4476077
4075054
5797991
9567604
625171
7932418
514853
6822703
8861516
5141749
1670075
5513393
7025202
853055
9265821
9700271
6499458
2388762
5719979
8339269
9300405
4498
5017529
5959946
543151
594945
3974072
6974813
3181820
7031159
5275262
9683394
4672992
3423588
136696
899857
4098705
5006689
9559628
8739172
6272205
6862436
7928100
9938983
9445009
7113055
5147270
5545992
3261162
1420553
1738679
7802722
3240594
4783967
6432304
2632243
3631478
1403449
3743497
1044390
8759174
3477753
835517
5475192
3982489
9461477
6650052
2706514
3388115
8363785
6291898
5715053
8905661
890746
1955938
1797717
8746065
5238516
3098379
1346913
5796271
738783
9930925
4877568
1679190
5088875
5176921
7244788
7333284
8730346
6737397
5904765
4211152
7471241
6219162
8099093
7931180
6015912
4906219
9581315
7772952
4873901
2948366
5718768
2296756
1438894
4823808
4778424
9025029
5926108
5594923
9243181
4831928
4381440
3344625
531698
4218307
4084373
6557562
6543288
7723221
254947
2014257
6686708
2708067
1099860
6437881
3335453
3306967
7587540
959414
9437727
9225708
6369920
1517655
5937821
2750844
6844279
6629925
6557444
2256815
9438891
9710125
7575832
7788614
4614227
8148968
2426088
8614071
9404015
4039529
5026451
5810855
6784001
8118562
6732122
4754411
6132295
5168491
5163247
3968921
4088456
93084
7703934
1177341
4822121
4369034
8260113
4337945
1598460
3730215
6922929
1350393
5651760
3155272
312536
9356201
6629447
7158304
9018539
4907019
2273467
4296509
2164529
1685425
9972584
1595180
697980
9764710
4331448
1570693
1599016
7605661
7795814
3187454
1035194
2098382
9195360
9553432
8240720
9725553
942661
2119100
2995190
8904404
708667
6473010
1516365
5979596
6319688
8249691
3751838
2107383
4325961
3705561
8497983
1963508
455505
1732377
2056044
7614744
1198441
984379
7714990
9470463
8105004
709908
8672999
9217760
4041338
5949809
660883
5538365
4441598
167371
3210908
3663424
3523025
9928815
8301952
7444033
4457402
9110995
4576747
778115
9394808
7202251
6866541
4895086
8053536
5384149
7048418
2423502
6951734
9348341
8794555
1096231
8754819
1256654
9978107
4745799
5396564
7062131
3277489
4199733
2139666
875117
5137342
3620987
9744847
28883
68663
3215822
5572338
8119719
8170420
3350633
2260297
6849795
7681139
1674587
240972
8249644
7123376
3737245
4677559
405747
9587123
3266964
6331586
2215173
3409947
8903492
6075857
3153729
2861324
8170009
5291041
2774770
4050345
5460389
1220648
2214112
9089462
7577733
4294742
838253
8850426
7323620
4939882
3418389
5112514
7345722
4794761
6855769
7977078
3065677
8710878
2774113
7466048
7994615
7500607
2366599
1589603
8488114
5351754
1734009
9801735
8393447
3938113
7656277
4103193
8800370
1185683
6970519
7267093
6060654
9273747
726822
3623247
871783
46690
2638871
7524628
542207
4751076
3967470
2914661
9008148
1547917
6578987
4848940
6000876
6763079
7504968
2401517
6558101
8808507
5394745
22998
9108239
9804369
2709574
3576985
5563760
427618
4994384
2113911
867715
8912916
9328016
4137325
8835327
1758831
9375270
8543605
9863621
1758613
7117184
5488953
4815737
3500179
396901
9587580
5162089
2008437
5126755
4037701
4874243
4930026
6123461
9710834
3805471
8041326
6393953
1325350
7941842
4156185
562347
5040657
8666098
7106256
1665966
6787868
8330865
5075062
999401
4180482
3251196
520527
4830833
4056140
3334184
7401052
2169227
2194558
9954939
6593026
1505300
2561901
4655544
3498524
804908
2224526
6555390
9191751
5593841
7777364
58561
942590
302106
4923875
2189061
8720364
8646990
9641337
2872379
871886
2997900
2572188
1820472
4291080
7651724
5083136
6956416
6560849
9895078
1782350
5869927
4772406
4468177
5193966
631504
1781423
1632435
5482106
95412
8590542
3872875
9055706
3222603
7065693
4432415
213938
1981054
507417
1355644
4853536
4689708
5601319
231919
4811899
2023843
7490719
9697376
6089575
1730139
1563526
7949517
3454592
8489106
2357901
1478469
6237935
3356276
7474025
8630486
7254603
5924448
4200712
1467739
9752671
7569910
123864
5008333
7285725
3535586
5316578
1996280
3865233
9641068
3296535
1548274
7728774
1405774
3818864
282422
7342735
1674695
6905776
1981865
239103
6090400
4951659
8632025
706369
2086855
1697404
9010481
6861223
803283
9673503
1746363
8660672
4859231
2256372
8529589
6636165
2499215
1134563
1314297
2342035
9611847
541818
7694520
3099347
4656166
8127854
9605963
4271066
4744940
5403545
5916612
1700355
4512847
1330989
4611584
2432808
5314964
8817830
4277682
9363588
5193153
7413556
7070828
694818
9329336
7218217
1231316
9540635
3532830
8686419
5069483
6992788
2385258
8436908
5525510
9476860
7549626
6214670
1904816
375092
4387071
3535701
9232100
1623138
2126094
7244769
8656126
984039
1871750
3350636
91049
4135181
9496467
4763338
8462598
9049000
1806757
672544
8416620
4737032
9012189
5142224
5641009
9081263
1837328
4045823
4253041
6429845
9940913
8568240
335008
7030117
7583727
9092029
5631762
9340941
2043732
2873953
154922
9486870
1619411
1036873
7787097
8929524
2659195
9298486
6084234
3756485
9348770
3186790
699002
1093523
6188796
777544
4880661
6043456
5273179
2185434
5610199
9004264
1533007
6092438
9583450
2877653
3162634
6765637
8805197
391921
6998266
2984977
8538859
9974036
3364713
5656947
6329225
7326842
8512920
3266023
1815021
817440
1382855
1535464
2296169
6004717
6854118
6996928
6528932
3400926
813552
1759076
2326057
5458401
84081
3927050
25001
2347380
4581013
8922126
5748148
7675504
3299562
8116644
2713517
8533547
8915428
8230316
1825308
7449541
3168327
104466
4119261
7797393
6512940
6685007
193188
4796350
3858792
7314425
5089604
8817148
8040950
2822639
4123990
8695728
4828505
7466589
7180233
5814915
324157
7060309
2617516
6075633
2082346
4022232
6677129
1359087
8882612
3952063
6744489
7466740
4374132
7745982
5810915
9123921
5841807
4879763
5214952
1195566
3665642
9570105
8986241
5761710
9051246
9400684
4074628
838234
5007891
1156020
3294622
3679519
6604170
3691333
3726456
4587397
9011485
8601555
8518922
2717677
1971022
8321392
2296333
7975256
4563006
2308351
3490708
3470645
3567346
1871423
4254142
4079026
7079440
981003
5929928
4230812
8550413
5287374
1733533
25510
2191533
2595288
5333023
6872666
1370494
6671360
7386365
3759119
7612468
4337005
7683911
3330075
784633
2221852
7427585
295440
5357558
427247
5403952
4309631
4657788
6353528
4455300
3505321
3290439
9653471
6196110
7794384
6776887
8408900
3877943
9672719
3166578
8787653
3222274
6982178
4604688
7402630
6123450
7698241
8907792
4453492
802242
470162
7825799
3067264
419574
5788805
8403916
6992937
2537078
4445258
6558590
8256654
6449816
9530307
1134849
7706059
6582646
6641155
3806887
1548643
8362577
2152384
980504
7219402
8594318
6518773
6411819
2119693
8739649
5060918
5269969
44695
6881458
3853266
4786539
6288829
8804153
2950679
1717199
2340708
4201540
7739956
2285735
3441437
3830840
6560713
9743653
3148567
8490751
9775008
4127866
1636070
7660403
7279491
2417681
8425995
4291265
9972288
4180067
4784985
6015897
4684857
1594135
4664274
7184632
5617704
6097211
8620129
2053853
2934761
2080990
9130057
1308945
1023062
3358882
901141
6988332
5312574
7294546
3183837
8450738
5940472
9365864
210833
8393782
3638690
752685
9044216
2361034
4884748
4596819
4059884
2085240
524904
4791286
1540032
6021883
9938135
3983504
4644007
2867822
1807051
5962450
2074267
4905785
3242420
1418542
2813538
2852804
6366019
76626
6920073
7682385
6117560
6767684
3287078
6166842
5393890
1598977
8688708
7451104
1616309
1613576
4042499
2835821
9385175
6599636
2139641
2735706
6468901
6492201
6654873
2054213
274055
8685436
7131746
9753988
9019636
2531104
2717820
5644724
378366
9331330
2326727
622649
3445275
1722435
4119702
3418504
6791288
9743384
2217887
6914596
9012103
9375217
543639
974778
3761686
4633503
4511664
9719640
6353932
3490107
6821756
924087
9361559
881672
7935849
414777
2516014
8039418
7985920
7142181
358957
357516
1993110
809959
3699923
1860413
6208991
5400751
2871177
9842159
7546783
2072604
5553849
7776488
384776
1865296
9650939
4917563
5481001
6914488
8399968
2419377
8222838
8859118
3432465
4931581
2961884
7658768
6908323
4182753
732186
867712
6646154
817139
9238623
721098
5503342
9245883
377106
7219417
9304505
8357522
2159732
8410880
4915040
9788236
471941
7111334
9400758
6549032
9023713
3501760
2544197
3251582
3835970
7675861
4143490
4049143
3826180
8446215
5300180
4370423
2911427
3197188
9222361
1084003
5522567
7364509
3824389
4113084
1612918
4847813
108118
9423180
7399816
4574300
7197469
9825063
5125213
9419394
4603972
4444687
4367874
2150489
257439
6494786
9611079
3569343
5528536
2526663
24197
9159155
64144
6243574
8749393
4672718
8961401
4424294
4671491
8063934
7178089
1689421
9093082
5877058
6885277
402188
2530418
9144508
9551273
2630347
2364687
6431070
8219458
5551916
6530666
5163274
5208644
1135955
7014855
1886662
4277466
9692023
3522217
9597938
64541
506182
9450843
2264561
9102915
4889329
940898
5941023
1317307
2830530
4514661
4672724
6225290
6729540
358938
6409977
8996887
5301369
8050115
9251430
6678945
8659000
4172755
5838440
3724341
2375753
2042428
1987969
5046280
5603729
9894539
5384873
5424304
4581614
6935331
3169531
7971647
3715619
8982586
7965463
9011163
297916
4837196
9716287
1038264
4859492
5278385
4263163
3460237
8727772
1824527
8391819
2726782
483995
731945
1758111
3658080
7663069
8738654
8920452
2563581
6525145
4275531
1372743
5127332
1354382
1548092
731470
1296447
387942
3731117
8278255
9005332
7747956
5357837
611823
9517112
90252
1686018
3056227
5101551
2854825
5416649
3051958
1300220
5377947
7159971
4361316
1122418
5544186
224330
9316792
4441774
9770247
9162158
193307
2144648
4805796
1280662
6743648
3690476
5796579
1635970
6047504
9502676
3015344
2844204
1313590
4154353
9271517
4084861
1182904
6265276
9783787
8021989
5368319
8896779
7330330
252939
4252646
7506206
4770397
627826
8140678
9149241
4240612
9775064
445339
4286333
5107274
856230
6102807
8200000
7852668
7119672
9051597
2720043
990298
9796429
7161296
7302696
679821
4259862
5032306
7095401
602484
1217174
9268495
4123218
6131210
18258
5318119
7545694
3912557
280475
9781970
8057064
4857498
6838741
4625267
8829267
5024012
2369147
7220233
6718893
252370
1813497
8244395
4451907
9650146
1929760
7625321
7501229
286152
2181053
804105
825045
529187
7146183
4501272
1060193
6110251
1811175
4516977
2116133
1777799
2199388
9286546
5153037
7908661
2657802
8867946
6070720
365324
4485031
9827795
6409879
4771907
783528
9863605
7781631
8172570
701237
6862803
4714019
7797152
33978
2290105
1657857
5986698
8132744
9358704
356913
2667221
8895335
9979314
1178205
9723624
512871
1652285
2569629
4452327
2106572
5864938
779013
7069139
1190234
798365
6307733
9030730
2116701
5986426
9186406
9630498
1062141
1854168
9888678
79023
3423792
6167298
2722459
1783324
2785788
336759
9729623
5156990
7148485
3243449
8855912
5066925
3370212
2852375
8119241
5086405
7625361
5958077
520580
1802218
7311211
6579122
4034956
1890606
5901305
5874928
6524854
8929349
9116415
8041084
1666277
4323884
7215471
6526384
6074884
4410318
1140153
1662159
8788370
8422162
9822372
8833371
9118775
2835225
2281734
4541465
9177741
4918915
4116481
3971758
7018527
5709189
8294892
1161014
7257835
2782205
8104141
340503
8679336
8787241
8672446
7697045
2746137
8697235
792532
6975522
8380789
1051735
3869956
2976156
230503
4422510
9229212
7566456
2047406
1824586
7771915
7418667
2693126
6646193
6396580
1775914
9513149
1402243
4312853
1952433
8008855
9812087
9835748
4487111
6933082
1634869
2590485
1545815
1466054
8748322
8035485
5253050
3756719
7625164
5407673
7545264
7392553
1531679
4604735
6984341
9572385
9624490
5779851
5697218
9274151
6295305
5556893
9242756
7235479
1743924
9523349
8276419
5951573
2105966
685610
566835
1151250
3366836
4766459
69925
777755
1389911
9217542
5140334
6866952
624915
8533033
4556288
8087659
9063632
9391412
9496385
2527725
6525595
9981251
8683581
1579907
2202869
7367456
4369588
6251043
4184437
6501509
5077053
8221930
4574560
3557448
1633585
9042342
2824085
7586234
5472102
7723958
9888039
1847969
8173676
2212768
6901260
4409898
7869983
1680919
7056188
8796558
4861168
2963529
9172108
2913436
5671028
5894031
9139678
2288913
1680260
3963725
7355667
7768474
9503685
2962147
1567852
9832311
7978956
6710983
2199423
31730
7051995
4278154
5192139
8409657
7018163
1818435
8802119
5529129
8920611
1128925
8651871
3663943
484990
2157740
6954396
2582162
9044720
515193
387828
3989490
410725
7381706
5053730
9821957
160431
2200283
4905713
8435340
6809187
862881
5648123
3846326
160537
9081849
5371006
7281157
2822834
2705579
6488487
9763080
3184206
8398343
9647790
997397
54247
2492802
3917631
982698
5537611
2637086
1584513
5172974
370717
1813488
8788099
7158893
8775096
9977766
2329975
8286809
4529939
6312248
7451181
4752524
6730289
2141682
8998674
3604334
3069267
4420283
8881461
5667864
3933744
7015645
7510226
3918671
9219672
4035132
22975
6139820
2409432
8978593
2887412
1210956
3372871
3949338
5873850
2344257
4813771
7611654
5925006
2024683
2887053
2611527
5385412
3384737
888838
2991729
4925714
5250262
6560285
7009041
9114958
3937905
5735611
726632
102919
4898182
5366591
9310117
7980126
6402575
8808434
1994371
545777
2738184
8875741
1029121
8908436
6803584
1760673
3859806
8493242
2298657
9405192
9498973
9425189
2606943
6049925
4713218
5913685
1156431
8350312
570496
2525202
2710
5267651
283457
9112841
2497990
1778546
585780
7955711
9348297
5025672
4075021
6972783
7579084
8801370
7797814
610256
8416260
1075777
7677630
6781899
4287451
7490183
1801115
7443078
4081095
4189755
3922989
7756005
6578855
1146046
5406088
801699
3223277
5428224
8653347
3007527
9207336
1494644
4684008
8667026
138127
9984610
8978015
2636953
7129099
7078678
4866653
8518662
889973
2249134
2551500
5281983
516860
7183654
9717497
9871585
8385500
9049489
3537603
7429014
6410953
9943574
4863815
432090
3280673
2773513
8863561
6148320
1724364
2982496
875744
3443267
3050562
5383123
9747254
2068575
427964
2783709
5478740
8343213
8242167
344292
9260380
7706759
4356392
7291201
8930251
4615033
5734771
5928674
8771507
8482295
4961284
7697192
7184798
730377
8220406
1147067
2291089
2909577
7988703
7098364
7138096
9052803
3703626
1524378
6763645
6061001
3609403
5302828
6979932
7961429
4366779
1433262
6041526
2057189
7090053
8796987
3504098
6876056
1392658
2176397
2558011
2525193
910378
3804148
7756030
5372625
9981745
8266592
7486692
8722846
3273001
7588474
2676992
4919975
5452696
8186347
3820976
1897678
5596247
2573824
7433715
1963528
6601148
1874014
5096530
6293591
4079862
7650194
5935097
2474315
3674955
1119009
2644008
4375233
57350
9999254
5658708
3417518
7809872
5457333
2248836
5284619
7656723
4876735
8311355
5668593
7159432
1101571
3710258
4449513
1848485
3538757
3954647
8355678
2699004
3615089
8347297
1671453
3927509
8919210
32065
1350843
3118241
221350
3952073
4070418
8050489
3444018
3299143
7648256
7234150
1926490
6286540
9583972
7828578
7040512
130706
5706414
5275538
263544
8035105
6613770
3581829
7954473
6941772
3113422
3975472
1730216
3839874
6233881
9808848
4393481
6388762
8047203
1195579
762776
2564418
6482571
6803747
3107049
4568699
1497324
348984
1687357
326013
7938162
2601941
106627
5695889
2903731
4913629
1804470
2780691
1196178
4805157
6925339
8765202
3511617
7949308
5913559
8709322
5837275
1474934
4132857
1107235
4978889
3606546
7238431
6447991
8996875
3052994
2149606
7115251
587487
8215475
8760902
1636236
3133730
4144971
5342973
4359055
1928872
1313524
6758131
8245924
1671455
2342897
3805956
4132106
7720135
8111530
9946267
2870952
6331976
6723139
1143616
3171007
5496104
474785
2482569
4254809
4175638
7939392
6966970
5500934
17690
7016332
5859285
8341674
3201646
4989921
5437804
3221980
2706929
7913055
5727803
9678822
3456750
6153778
2937694
5402559
7458434
5495974
5127807
724434
1378505
4999156
4791258
6069630
6288018
544485
9755555
7025828
9712186
7415981
9107649
9486132
1121751
3123980
6820674
4909671
3928386
1464544
8000203
7635898
4979309
4090818
4669546
1996826
3584979
9611653
925640
2412302
8101933
6410305
8463036
6588962
188198
3987449
8237183
3327137
2313702
6422846
823560
3229800
5803147
256620
4955465
9666544
2506404
7904259
7808620
4763553
6805503
1308725
4609735
1392930
4219833
5759284
6335526
1137147
1799845
7676113
9217904
5345648
5443175
1570963
1296389
1425771
6901755
2049391
6248991
8466880
953646
929767
537426
7508084
5247946
3473198
4253170
5860743
5154571
7463767
2779249
4134119
6101181
1430056
4743490
3366743
7957643
6791598
3547637
3329389
2211573
6659149
9983765
6716039
7951018
3463021
7513878
7173673
6966872
7116454
8277788
5106780
9388394
4030933
774934
8075141
6322400
5910685
9937365
9130331
2595462
3326909
6510665
38954
4099971
3383846
3516336
6646565
8824059
828023
8369069
8706535
7563617
4353594
1028270
4287086
8782959
6784521
2331846
3396402
5074151
4971357
880057
1729711
249130
7801137
9019712
4885260
1838800
9088013
7527215
9365821
4457206
353513
274789
9659363
3412723
2029384
4318866
4479505
4946663
3968895
7986019
3330072
4998219
8468049
5337673
6637501
5185151
2450839
6353007
2623162
477914
7591079
2780688
8791890
9813748
8848681
2077313
2636961
5060318
7817394
6433570
7087290
7406186
3285456
8831493
5964521
7028441
7630176
4793438
9452019
43325
7954882
6662067
777819
9088766
5091846
2061234
8996298
7405080
4112428
2923778
3386370
1259385
7276669
2905737
5953113
7636256
4871891
2929152
7479388
1627820
1512836
3624846
8040789
4115121
9883200
6002696
492843
5335626
5126248
844072
2225638
6710915
8467379
6650163
8606997
2779330
2912523
2879864
6121042
4299935
1970037
7968565
9393413
4808187
3638308
1310124
1096546
3765757
2170462
9165268
1052811
1657582
6473301
5225223
1853883
5148618
9849424
7415100
2412768
6389548
8152018
4797383
2923826
5094596
4305658
7285871
9079496
5300548
7409112
5595542
5904486
1035307
8767816
5099686
441203
8446947
788938
8460902
438002
2993788
5323908
7532120
6661272
5124312
3563916
935983
1873123
8156510
4421876
20471
7541987
1826731
8333541
7249207
8279093
8550789
1985325
9987629
5535269
9360616
6042708
9301268
237064
6392875
1905686
9650640
9676240
6930161
4433616
6723689
9658380
645098
9058770
8272509
7837237
7041071
7287863
3983351
4220284
2918699
8545379
634220
3414658
63815
7093895
2576120
4917579
6391533
8857264
571247
9180568
1084702
5444453
4333318
6003809
8892352
5466991
5759756
330489
7437834
1317490
2947172
9686596
4529159
1508655
7402460
3167392
5772015
5844461
5162092
6535063
4912296
3267997
2043364
9737804
4439967
2816829
4862629
4525471
7862222
3368865
6672236
7744101
6102239
1157146
8453777
3718011
3722422
2201097
2020845
2013131
4583306
8814341
1173419
8825174
2109624
2754090
2056582
6289219
2942507
4446981
8758932
8699287
195688
5959518
4859434
8476654
9920380
1386296
6716476
1798336
310947
9597627
4175773
6129271
3521510
2949381
9135905
2716985
475524
300045
2384549
2049341
7175883
3488716
7527027
746894
2433307
4767290
3013281
6475347
9284038
1620296
673163
8254956
5099760
9093138
3369516
8040459
6743711
9074621
6771991
5745541
1282186
5909958
6254078
25059
8448103
4704141
3043627
9051155
7245150
4936374
3712131
1576560
225882
5793978
3422474
9922889
2706462
6800608
4776986
4186735
9986257
7831743
5405809
9423229
6440382
6871914
1875726
2238183
1216514
8158720
9120967
2386787
5855992
6133596
784504
1935676
1410723
3621689
6884731
2406394
6279437
3000424
6210389
9897189
107981
8639270
7787353
6247823
3749979
2523504
6283907
6451445
6890397
9740739
3841160
7727199
2675162
6278131
6860069
4236747
2419630
3776489
9159177
3002482
4651125
6399724
7219450
3055070
8688533
9682811
1026677
6908338
6772420
437440
8165203
6070748
1863999
9921080
9065180
6159439
5269397
7581960
944489
8295547
5840072
7098121
5574384
5796941
9877423
8874540
2258712
4153117
159838
5687407
7149054
7049891
8383523
396828
2348596
8342078
8400127
1208708
3051313
7402554
6558566
6100046
219928
3935790
6823312
4816434
3730042
5556832
2467429
9806074
8243412
142116
7269452
8497176
1128022
2431785
4313933
1084159
3535085
1947672
9749621
3323903
9765817
6904512
4600896
5939612
3089323
9513296
45216
3568793
7929778
6970759
6040395
5252855
7966268
3988100
4862657
5444866
3436873
7714058
8774384
4423674
9141940
6979899
5254946
2962774
4645351
6252896
7007383
9214144
1859007
9948815
386401
8480410
3880615
4594124
7319699
2277915
5709328
1107869
1994535
3190461
2810812
7967454
2846139
7401689
2986077
6525786
6538951
1529579
5282722
357639
8960601
7193817
2620281
1764728
9801839
5835535
914599
4709218
3342700
1897855
4256085
6688154
7245208
3261250
4495960
1624726
1443247
7399862
7801827
5867102
3647940
7998992
539500
3835353
9778098
8734300
3305278
1175005
1222955
9905920
5176693
3785578
8677587
4380139
5213822
2372547
539651
331401
2069414
1852450
1788620
9591709
8164807
3495541
5264669
4910077
8348491
906183
1141239
486171
4894277
2852250
5905604
5160496
2579470
1566523
4116775
7758539
1609592
8456032
1120528
1322202
1743623
5363644
1882813
4205522
9912034
2417777
7228841
6843401
3546294
2763866
1419815
14664
5502129
4282124
6606280
6794365
101891
4432140
2545836
6292487
2367396
7884159
2265621
3616879
9303175
3090057
425011
9042506
6981714
6204799
1467323
4839020
6518550
5611563
4098243
9903735
7863243
6886039
2854226
1536065
4520375
5236937
2830396
6715681
8669420
1811104
1454884
4216343
6075485
3684779
1600905
1024274
3316980
9439848
7333226
7390268
550596
7017153
4723577
3634869
4545508
2813931
8612911
6832698
3858489
5432803
2151455
3575677
9595596
7319848
7975524
3061108
7799790
3233676
560375
9109937
297254
1400408
1851958
9102001
7875937
261810
4549566
2187952
215934
3061739
7340926
8872332
9269178
6622640
7272305
2175562
6251480
4328580
7758047
3808330
7972318
8954792
519373
9056643
6787746
6897160
435195
229012
1069842
6363930
5754728
5385898
732508
6702419
1097910
6492870
9099170
1547983
9312070
5945100
9870315
9080785
459668
6499014
6683275
1250415
3148328
4619824
3821061
9433418
6170557
3191444
1240763
8208761
4703662
2392455
994049
3731845
8639858
4263341
9525526
4074880
5753402
4436669
6884237
2852550
7968729
1029628
4491345
6909644
9578313
5228443
2115364
2078679
4830935
4994992
3178527
5654065
7690573
930992
2580134
1069751
9520080
2770555
356832
9379428
6071525
8343920
346589
5051712
9798045
5332031
5426092
9159634
3582678
1662186
4308029
1199641
4295520
8680376
1595158
3250488
223832
6063790
8818030
3732303
8500477
8391160
9368625
9623909
9719151
8042130
5822309
4590932
3733013
2785269
441428
1420693
2664123
6240746
8993779
3094717
9554097
9851616
7723020
4465848
960158
6065185
6322734
7443612
6655311
6959300
2550472
5088772
3754049
7654260
9602569
5362034
2367756
2958586
430574
2808094
5267012
2833029
5158198
3135846
9735118
6468447
4752521
8782260
5121071
168685
6229911
6906702
3374767
8823611
7583913
1767128
4702687
4533421
6799257
3352358
8239171
1247421
8508912
8236707
3057861
8027005
9150437
2081463
957345
6849934
5389157
6056500
4946278
6103307
8202177
80063
4700545
8432886
3780
7859883
8861799
9289158
7173863
4563713
222001
7690812
2255891
1901055
173058
4971018
5068304
8783489
8423096
8110952
176691
8858475
1447574
1595954
4123898
1502175
7975489
4986151
7344312
6972856
4601860
4119320
610066
1818196
6120030
7326305
4340351
5875560
3693380
4527981
2057186
9715756
5103161
5606323
5617853
9081671
552699
213475
5646591
8702888
4762519
1865536
5338969
1890171
6067395
414766
6587158
4214683
3066157
4602575
5141822
5756287
2640332
5571031
7708185
5898085
5847223
126661
9032727
6692587
2256784
1602842
3993431
9172265
5842056
2203962
6765236
8051868
2799335
6602946
5920312
3619547
3244588
6602353
8538182
2353892
8872317
8588641
8744358
1934734
3169805
4962524
7007342
8724000
3029921
7669555
237028
2151702
6566359
5267278
4887361
7823973
9333641
4815498
3401184
3132136
5605112
7396565
1279787
3096155
3399790
714216
5823394
7837983
4251527
9397745
5540549
9864860
9935088
8880159
191600
5322698
8823177
7511317
9121884
7491461
6298612
1349254
3754474
380768
9780018
9750869
4198340
2739341
450038
6328288
5687356
237570
5284159
4682468
2182840
9050085
182933
3011307
4097134
9465005
7724812
418420
2006633
9539550
4139587
8126939
7918524
6484494
542353
2191797
6787924
6119045
3739835
2814740
6151532
1631808
4185013
2185236
7555238
7472298
4632311
4026513
9684935
6880673
694763
4025137
2040626
9330699
8954807
2114785
6360473
6263545
4749715
3269631
1753877
4481428
4901129
719702
9005560
8552257
633460
3163592
6396458
736049
4342631
6030779
7438077
3456231
962412
25510
4845250
4129843
3891388
8412117
4865410
6132707
5707601
9690356
5658194
4945787
338710
1750330
4344192
6168278
9443431
5029841
7612072
1595842
5931367
9652974
4073772
7400247
4038902
8358260
3751248
8945111
8607131
4932119
9548297
1271790
1732586
3810325
9866594
2351141
8337208
2807217
1233144
1532545
888128
3529794
9882028
1745348
4898669
8857510
7796140
6200734
6469890
1574420
6999602
2732888
9659929
2524849
5703826
1788382
289400
8315648
9466512
6125472
8519299
8878167
4918216
825569
3552164
8681087
7813136
132819
1254120
324912
623216
7294266
3113829
1411204
8019567
2354144
5083887
1362683
8988076
2208339
1718599
5483211
6617987
4200941
4421990
8367708
4056450
3144968
2452627
8481927
9684355
1121798
8571732
9153951
947917
9884482
720932
6722809
8067533
8082036
3417952
1560309
6497404
1478106
5564961
6718013
1331296
2691768
6233923
8631706
8546500
6626894
98803
7741555
6909293
2781829
6980975
2594357
1676337
2405147
6562181
7071114
1045416
4420404
936995
5683748
8358156
6027723
9949653
7323582
6226527
9399483
3202163
7146647
7582660
9946885
8115090
9669924
3772492
4661658
8654494
8877289
8691381
3977102
4806525
3917356
5821239
1497796
5729505
5127410
9187398
2754590
6176146
9446784
419342
6983747
3526035
536524
2024914
9829438
3809063
9288518
4922708
4788636
9979933
3909195
9140627
2590060
7159800
441195
3572148
6266766
5970384
2048220
5986514
6767713
5506508
4129331
8280217
3160917
3070459
2326056
8331583
9130391
8580837
4906578
7660720
2357876
3558340
293876
7821232
2707702
4912992
2294861
484283
9164206
6455528
1644317
7270831
2073688
5988688
4671840
2486314
2122437
1179888
8466603
5453932
757009
7101198
4214440
8612247
2847750
7058405
2071499
8338721
7771898
5950609
1243205
4197007
6291911
3717180
4184480
4927591
6723060
623005
4160847
819740
4937166
585014
1695476
75539
2677979
6008479
4137407
7403229
2086841
3507392
8620836
8381718
8992468
9560207
4621101
2856585
2903820
1067627
5002868
8679091
6809565
1408447
6903921
9375869
6446926
6095582
1895816
3828639
2081113
207526
520693
7879891
7098971
6651329
5819424
7023930
1272571
3692614
3118436
651121
5416371
3267414
6203637
6337245
7636899
2619262
2609005
2983872
4337040
3752491
1736220
1260347
5637618
5391718
6009077
3414063
6393863
6890534
2052842
7757698
4729990
2558231
1621736
8268864
7477115
9264515
3069138
7624678
7060996
8706925
3725434
8162979
1540356
120051
4339573
9495097
8003870
4908251
5001258
969208
1744405
621768
3913546
9748524
4209262
8126645
1234594
1995780
5106754
46084
6446847
3370640
5023164
995790
3515937
2020611
6374864
4964166
6659523
2886810
7975646
4846356
7042161
9258328
2027691
4901350
9009382
6734374
9532939
1515318
4691390
4192040
3726369
3967607
2516778
3350486
3458691
3502180
7385648
2288490
533719
9357249
4507996
4940251
1734973
2130214
4232492
5875049
482789
4186886
6789937
1367872
3146958
5371957
4535200
563016
2677047
3225107
5075652
8437371
4940190
6377547
3953133
8045145
3823869
790396
736342
9516347
2366361
7783288
7455999
3811130
8217918
9130826
7764934
7679176
6462148
6424100
9458815
961522
7798551
583965
9148287
1138404
8760066
243074
31921
7542956
6522130
6070562
1895269
7909471
20800
9333696
7581989
3733824
4106223
8934427
7570366
7301392
2190090
6058507
4614332
1682843
1606326
9930350
495785
2746436
9342778
3388074
7142794
2246680
3759469
1893740
8581092
2639940
2068252
1966394
5920092
1147570
8398904
6497570
724777
8694099
6980271
5161677
7812374
6161187
3764014
1846692
2184531
347498
7437727
7693892
26873
3379214
1151674
238125
9645013
2514314
3595333
5956364
9389316
4622999
9183745
8466853
4193722
655434
8069728
4770500
7654215
7378601
4497409
6774597
2940097
2745198
2359081
8041133
2784659
6848172
6161220
9720010
9975183
6426170
5098316
3610542
5313406
6424817
8096438
2796102
5302291
4096691
7743844
8086857
8021865
5928080
2531422
3974139
6176233
3490839
2020544
7598156
3997028
3424096
6467020
9335111
2242215
1754559
3223241
444079
3446568
5653458
866231
1151937
1939102
9986886
5234879
2573587
147746
7627548
3736524
7536313
5863334
5195603
2704537
4616581
4306338
4059152
6841451
5757359
7100185
4779804
4861915
5238024
6735251
370245
6171976
8544860
4082254
3796614
6482130
8295392
7093091
8956464
5185398
6894800
7634092
4215365
7390779
7638800
531580
2722384
8430636
5666199
5739393
962597
5604663
2643445
1263040
9095401
1934948
176351
9150029
1507531
9343659
7534666
2100307
8557664
1746182
9707630
9522426
789745
4150174
934281
371950
3589104
6739160
2190959
3675086
311702
9206127
5644852
4965601
7276552
1158569
3842540
6833906
3894006
7574544
3829213
9018177
1466586
3070413
3919396
2187237
9373853
9470514
8067835
1490423
5677610
2890798
9000936
875329
8881525
7291274
4122784
1682171
6807246
3680323
1644547
1492715
9663834
6908966
3429233
4833331
5971713
9004512
8955646
5808453
9117922
2221634
5536958
7187540
9387850
6906931
9362579
736980
5434942
5004873
9716056
923870
6596335
6954355
2104396
9641074
4467825
6353280
2542533
7237411
1863870
2165742
1640411
2139935
5738954
8561171
3154402
3090779
7915721
4163852
1401344
9021839
3099977
6270146
446683
591722
7226010
35188
4235414
8771435
7322172
9163014
9480249
2902787
8685147
7091104
7694861
3904747
4549966
1537678
3125013
4558164
3079687
5842947
4027331
8365320
2323550
5156995
1940054
3563026
6796814
6498741
7652154
3958341
3690728
7228499
1645909
5279059
826163
7415057
4594006
9994402
5468442
815476
7495436
1637621
7040466
5707825
7332518
2831535
7228491
6134045
5142868
6630221
1648477
7718530
8165925
3582661
4356588
8232233
1308249
3268600
2518586
2068207
3279871
6188431
553163
6834699
6548685
6991851
7960354
5746854
1468605
7540493
7581042
686353
7224051
5926646
7647336
9378990
7444074
8718313
3072462
5164937
8324173
1202439
9828679
7567466
901167
3191898
8440573
9745999
9020486
5980004
1975107
7937431
2452215
2058434
1340064
242813
7313279
7103633
7254694
8971383
4283506
3609087
7930669
3882331
5758422
6575816
978289
7010548
2976382
886046
5946890
7527766
2848686
9965025
6015298
973340
9176531
5916375
1697998
1685524
6805567
8272691
4921614
4365107
8995036
7124210
4698554
1462645
6931789
4230785
5799086
9893706
9137065
607085
4149558
2433413
8255116
2918037
1783712
6735846
8599342
8520513
2813514
3296371
9686504
5858631
1953897
2541193
2997736
1980084
1372901
9996366
8399823
5709867
4391711
3766858
4457429
1913223
5585364
9719909
7648632
3938545
9019101
3706910
7147551
9624726
6878324
6028913
7046542
5496272
1699628
271505
9463184
9118305
4452994
8362172
8195290
6227785
9942291
5181216
5855338
9414559
9138347
2620410
2585470
1928085
6833119
8400730
7818921
3104746
6990904
3103134
9731352
2372895
234681
2611184
8103381
1076704
9912072
1880735
5759489
3932922
5374744
2285485
5908175
1684756
7634751
6867579
5329856
3976901
8966947
9204273
6788570
5645500
1041587
281043
7329106
8980351
5241469
5798164
4659305
1164113
1595231
3240674
2697436
40709
3592465
3825280
1363971
1821918
8672098
1176699
5189376
3790443
2319556
4974626
5920638
4361525
5355523
1142424
1565763
2762226
7529027
1310500
7616136
6153520
470922
708074
8968315
2862576
7374022
1630235
9883397
7934789
2485043
2560373
6445635
837034
8344376
8399545
3583429
5359224
9581011
4308582
8815971
875871
6013632
8471333
7453200
2623819
7180174
6228226
7096803
164548
7050777
2237027
1771320
4066210
5626278
9638735
3174564
6494981
5144189
6754819
9804717
5702962
4322755
5006
443968
8463854
8627490
1542092
658048
3486407
3988570
8642857
2202690
1300686
1693576
1880806
3372648
5346245
7918015
1768367
6549867
5295135
7689119
4864162
8391883
790358
8616107
1226512
2443306
5354925
9382273
2256018
6840929
6671804
9123065
3164775
1447451
9923659
1823707
4995609
1514816
7605873
888295
8138449
1164338
2415148
5846603
4138093
9009216
1964705
9038086
7708156
7220451
6338601
655213
2910855
2222732
8621875
6395354
4677109
9795300
2078720
3056206
7407555
3610130
2080879
1768891
4310527
6102867
8725890
3556333
156570
4985640
7161890
2438882
6919686
7321392
6649940
3926509
4745172
4513534
4402075
729335
5276512
5153237
4763954
8093696
8288612
2221098
1111481
7754810
1994235
8038012
788844
3272176
9975177
350680
7472988
1988409
7720336
4481647
4142042
1181601
8636441
4905709
8665755
9037171
7996650
6484180
5839472
594109
2833943
7075942
9885830
2925201
8682204
8367786
6332786
1899315
353450
5960608
2400024
6170452
3314794
7714768
3761526
7219212
1145459
5586037
1617965
9139827
4804660
4498440
4008409
8280094
4768265
7287789
22991
7148778
4095646
124751
380115
4035133
5470696
5106093
6013644
5808051
2292147
1388291
4387086
7018635
1215123
2184671
7001218
3734255
1053590
9430625
7887542
9025701
6530752
2347985
650925
5273845
6373591
7093457
344112
9284656
5953239
7845287
8224492
6628846
3659089
8794062
8416097
1757643
2809316
2810321
5216309
803760
4480440
5313650
7087055
2503711
9950424
8349772
5805228
2899511
964679
8020829
2541278
5193594
3542083
2650166
4716890
7470688
1851644
8409835
6523076
6589955
4263991
3354827
4161288
3772025
1431632
2904714
5962375
1495597
1842828
616391
4801882
8587212
380293
7232049
3816657
4420830
5482223
2950048
924885
1612128
2810832
3853945
8535032
459246
5605937
5672452
1628847
8136514
4139991
1539325
516697
3850176
1576206
6987511
3772269
5199487
1877223
4399480
2081547
6417017
4023640
6172485
3602624
4010219
8058141
9437589
5170732
6709454
5118412
9143105
6194530
3113230
3175173
3478578
7827711
4762106
4456339
844043
318099
9398218
1035958
1611757
4044799
3146324
2672475
4295511
4147890
6638894
2199314
5112317
807004
8316813
1279936
6825322
9971491
7245364
3445682
68653
4976614
8432280
9342298
2647051
3234374
2735313
2600893
218673
6723830
3907372
6446066
9677670
7440861
7370368
4237819
1665734
5485265
8545494
3871904
9808343
3067052
301689
417085
7375670
4663842
3139719
949651
6367188
1227104
6736150
5474792
7188036
318823
7415397
3060312
5335387
1283283
385421
1446600
6746855
9129150
9330622
1912199
6109466
9784588
6869619
1957775
9863573
8741929
8909110
2854066
8063607
6072531
3976581
6377362
4708208
4606855
7492783
392654
5868510
4385309
5708036
9386401
1651494
9491507
5384556
62660
9935314
6801510
7893623
4428294
3177890
3623709
1422797
5838407
2888958
8412968
39155
4092848
6948075
7874762
424963
521786
6469383
2745045
3087719
448661
923719
7610569
7321053
7999535
6328097
1851011
3903751
7142110
820945
5187314
1992841
850959
529346
3266308
8730219
7669173
9525137
3493654
1609603
4293056
3699316
3705898
8465548
40444
4026635
6953638
7133704
3214356
6003709
3476762
7948431
4694600
7698411
9735608
2676501
8250358
3028330
3439398
3378568
3886538
5149265
5488299
8636614
6532731
6709031
7827189
2396470
7974147
6922375
3532639
8388563
8310188
2112668
2931402
4996864
89096
2948278
7037420
1744821
8245985
7667040
3293754
7590029
9991900
9847439
2521738
4759513
1850459
7586959
7771796
2055673
2607715
3423247
3740750
8671599
947650
8313739
3351456
9455108
7699171
2443467
3618486
6832217
3320023
288509
7995021
5098405
9236324
8740183
8070789
5427445
3759579
3864983
4647985
729258
4022441
3967191
5932113
7392414
1583825
1697032
9732184
3089894
2285124
4593008
826677
8250296
9372008
8348061
8641434
2394864
678762
8334431
7745348
294280
5205956
1981412
4105821
5826389
472082
6675028
5386852
7806758
4741694
8986890
4244535
5260346
6522459
4944524
7019978
5919460
7467581
7779869
9321994
816714
6303095
7164073
1492667
8345496
8589536
2020832
6003388
8975646
6294563
7677226
8829599
7545923
4855273
2218105
9446346
9372305
5512005
2308378
8105026
8517073
6385222
2646689
1210394
324584
1550476
4455412
9931328
44063
841647
5379246
4645086
6471129
7085805
6324037
8100236
3952075
4051864
6724914
3160900
937183
1916251
1836551
2225973
2294280
4512153
1473934
9267819
6494381
4735411
4185351
3696878
2356394
8900272
4871092
529692
7523382
9982143
3211037
2895923
7
4979266
9320498
8102181
2046553
2839410
9407943
7758978
8867747
7064238
9004546
3473445
1593233
1638289
8557646
9857384
4030168
329889
8175617
5162699
5028625
4918589
9904453
8706139
6393234
6084030
835907
4503556
1028252
8344425
2475327
2723220
6959209
4702561
6632482
6091806
2302236
8971907
7541442
5174394
2466694
6035438
9144431
1199506
372948
8684698
6157911
4520993
2924898
9341660
256856
8202469
9419439
4271884
4317959
6861810
1102290
544658
672409
3162634
3870076
4397019
8652996
4234673
6546219
523838
3955790
5380517
736499
4614259
5724647
308050
7644611
5874680
1793333
570161
8035722
6555560
7420043
8698931
1294228
2655533
9155918
3985607
7692920
3264207
7754821
3509984
5846139
8830462
4947887
2856075
9027942
2902418
5676451
6832695
1358625
453362
5155009
8271610
4937974
2705252
3114552
1452936
4734503
6975731
8070013
9375206
9051422
5072565
9560055
7320989
8438923
3980814
7838237
5113213
957884
2430743
4270982
7354009
1545242
5851816
6225079
2106848
6516482
2143532
2856812
9704907
8330281
2426922
9084549
9389117
4968966
4071209
1822427
3329316
4676249
8389503
3262002
4938007
1307865
366925
5011553
8865884
9927215
8560038
6784685
7069106
7440870
2506004
6109771
3484970
6163554
7958476
2431873
4504542
5534031
980408
5479248
4381786
2958571
9726348
5147766
6451836
3254554
9185755
1133925
9837302
5729358
671426
5187011
9715190
8177575
8808070
4744742
352624
5406955
5601525
5639427
4091637
105401
8774519
1080856
6548271
7402703
3918879
8660164
1287319
4596199
5979185
6324310
4497872
9913859
8287831
7710383
8679914
6856728
6242799
4739342
4062979
9460290
1890553
1130379
5545535
440262
7147027
6551555
2357462
1260391
9563909
1242396
616278
5859981
6233474
5024448
4827590
7789512
5794085
4724951
9688061
4287484
8405371
614514
537321
7712251
636399
3617469
5466396
2077742
2284635
9076521
6312947
7887604
8378193
7312517
9050388
6820431
4512406
2962607
5053897
2209336
1989176
1001089
3779815
4689583
9163855
6761546
170291
5954686
5128937
5822653
3645788
6006514
1820814
4992204
9114345
5125397
6286849
9401918
3995390
4610834
6950992
9280608
1539768
4410749
8478284
4541967
93799
1984506
4522183
8545106
423405
5987252
3117089
7025945
110614
3251335
5251955
5300066
2066974
4841061
898157
8374029
4594156
4612104
2691242
4394987
1187757
7499021
1666161
1074573
990797
6934091
1744947
6828422
4015274
9775455
4887821
5213517
6876521
7665576
96768
3655977
1936779
2183238
7632426
2504512
6906346
1626036
1449757
1234411
2989909
7760763
3962533
6829485
6447611
3834399
7095933
1288223
7928926
691655
6310050
2436275
2380128
4864518
359290
6294594
2910292
7101756
4465743
1133394
2508015
1813309
4868549
8961384
4715185
6260461
2822297
2385463
8765315
5872692
3878632
5182255
375663
8950598
4350211
3647320
2909229
2929341
743411
683799
9283394
4919924
8074566
3057494
8954690
8172205
3718322
4108595
3779681
2685863
3013975
7304386
1574079
4907701
6085357
2395480
7618722
5403878
4945719
5843457
8496176
357679
9052039
238461
9495418
7987706
5030233
493434
7676043
9181740
223842
748161
9329093
6072994
6251865
726627
3955186
2155258
7787712
210799
3418327
6615738
8535824
4429229
2554742
7042654
1053394
9881856
704492
2651640
9776682
2848295
1847741
7465783
8764853
4538779
8536375
6415776
6720264
1537456
9039081
3396262
198203
3928496
6709098
9608355
8375234
8939989
2791826
2717351
9010404
3580862
2073399
2494032
1161112
8377327
671505
9339113
9333069
332643
1286845
5489461
6163578
1126268
6991426
819094
1739076
337961
8684285
3801619
7123738
8708761
7814304
4799649
7846870
4811022
6142451
7886217
7150638
4704092
4607169
8361251
4910655
1956591
4432395
1542660
6089705
3914075
9105016
5850552
3672545
9313656
4969576
1920020
2168508
8901729
1589253
1838138
9669285
9714466
5885326
9765593
3279349
6231848
4512738
8546494
8367747
247000
7428402
5452255
3150037
4431391
8712332
1253965
8042792
7476103
9003230
1607455
4686633
2905523
9989074
1568379
3988335
213703
7220231
2436865
3643649
8600020
2847033
8704016
4436436
4871326
5886526
904965
1255548
5446151
8079800
9273752
6099641
2171131
9151179
3386363
2544579
4606419
4332413
8865455
7737565
5939836
3904867
9522967
9582149
1371302
182348
6112876
556082
1628678
3908977
1850402
7208433
1933352
451593
351445
4584720
2983906
2107942
8400481
5864853
696137
2752189
8768030
5245258
4553762
5465771
4918503
7256556
6751413
4359369
6849596
1377399
6156967
7641152
3997603
5317310
9127659
1528598
9851970
4256616
6051442
8957944
915159
8979108
2462179
5174324
7920225
5486757
6600225
4919466
7232576
2750676
2816851
9202894
6032242
3511455
4302326
7003277
3543185
2538158
8838937
1240833
1421510
5975142
2626566
5139164
7871542
7587589
405226
9739759
579354
7735476
5125952
7097193
5702758
2088864
8318248
1395645
6064069
9469121
2533965
6257374
2446135
158881
7956108
4439718
4477202
5691909
4245246
4148788
7092260
5820650
5434466
9012885
4874695
4589278
152364
2524765
731751
2312700
696180
5727837
6057209
4289015
4103731
7268539
6540199
7339573
2220823
6625591
7184714
8748238
6161790
8687322
68334
6356874
225074
1584683
8883725
7902979
3953593
6964752
6622896
8661484
8559063
3591260
4000037
3850939
8694030
4014600
494000
2375308
480308
2573099
2797197
7319061
917885
9603579
1296512
4154829
7386976
5991843
7895751
4077988
1729025
2106177
957734
3510979
9192342
2826784
3916899
5681388
110921
2438171
9716587
1566629
5825509
4708158
5541010
2288619
7729649
7180998
6246312
672633
2945638
2713451
2893447
6114731
8051457
2350256
9641245
5975912
686104
8704749
1238942
3251586
6771353
2264942
7749162
2599350
9663215
3665219
4348901
76251
6141727
4779971
1585730
3435744
4075088
2638452
1257533
2269593
4552053
6473453
1628538
4292092
4602575
4203216
9790256
8102594
491528
583161
5929954
8555152
3943420
3103122
9431488
3435578
272173
3891024
6827445
5555282
5219892
3313805
6395445
33371
814444
3585389
2804820
9006294
9557008
8032119
3082312
2298171
4098489
3706418
6159112
8368796
2863718
8664032
3895782
5748759
2739473
3117441
8821321
8824743
8018447
9850464
7068053
7607031
1622949
2271420
8974220
4109821
9305090
7988562
4679746
1455480
6408118
1576245
3594138
1458928
393631
7788942
7206229
7197846
7954177
7340546
722332
5363601
4242485
6812341
1808329
1394510
3277331
7867473
7117081
4478577
5907238
2954710
9414817
2757065
1542916
364652
3387240
9006001
7365739
2145218
6272363
7063451
7814981
3296184
3596351
3904281
2715944
5693318
6628706
5005632
280423
1966898
9926339
1345852
8739116
3630103
6498368
7816893
8195162
6810310
722894
9234098
7564392
3806506
3374426
2830361
6391388
3037929
545409
7430045
1879082
7041624
9018995
3487977
9595679
3612821
2723286
3450584
5949448
4779926
8596544
2177081
5011220
9989419
3356063
3104381
5801634
8932930
9325891
7530724
5100886
7547693
7756832
1677073
5540551
2605967
5628303
725676
2253996
5741674
2344537
3473939
4023990
8131601
2377951
8816963
2077334
3965504
1974593
3814737
7659470
7553606
9173899
4935773
7357374
4987485
4229502
5264112
4735570
2503880
7011212
6107245
3202269
7143129
7750996
1968644
5352753
6257661
8784898
3745918
7236599
3383041
9472184
1698271
9906292
5516754
4731931
2679446
1433886
9440293
790576
3173398
3862575
5469779
2933975
9125686
4639932
6530844
4018206
2597953
5266215
4517817
9358783
7384085
5926776
968168
4638910
8325918
1300474
5547176
6788164
2687478
4647534
9716605
1838740
9768237
919867
9518186
6350809
8757128
6862095
2615270
4372822
8774651
1475227
4486633
3711385
5613764
3494400
5575388
6697275
6099741
5715572
3559818
167907
5604573
5626350
1343990
1687329
1775457
1796360
1842086
7715976
2963314
6912642
4464052
1078734
404110
4180923
9301216
4915833
7821566
3611575
4588443
7173716
3678255
7763851
5730211
773858
3990012
6856373
9464368
1603898
7979887
8833824
9623708
5476858
2756329
3749531
5347633
7805714
6695027
9764422
7213244
3044334
3990154
514362
3533932
1022577
8558807
6291978
1571951
1547614
7029617
8267305
5249839
8251773
5968532
371875
2930743
8032063
2021174
6779213
5584378
9367435
3375519
3648347
5242981
2000234
3060206
7746510
8002419
3563054
7917460
5290807
2390679
8914078
4113460
2207092
8952838
5618157
2031847
4661778
5835758
7954641
5115955
1211748
6978549
1278275
2408067
6264327
4834973
4915705
373418
4175523
1673903
8245674
3660112
6630378
2124051
113130
1557962
7075607
904089
4362052
3748494
319376
1018773
3244347
3635537
7226242
1086335
6266333
2462633
3104234
837829
9717423
627700
1112960
735556
6972683
4264270
7934377
6418083
979060
6022181
4503677
7263217
6305101
1686644
9677861
4306299
7711712
6692612
6443094
266084
1305660
9993167
9611984
3057965
8949077
2754407
2815902
2635843
4072424
8986141
5186938
3375387
7001003
5624134
3790005
3046598
7376950
814151
4229871
8367432
9747496
1911616
736787
5448145
2522291
1941435
8383817
4957839
1191402
2616626
500636
8046945
5183401
9887619
9207318
4487399
9279940
6755535
685456
7493078
2742066
9761876
2392403
9060699
3164025
4651943
3479411
253949
2063815
240744
594733
5457724
581340
9080731
7272588
6700172
596638
8287963
7563898
7648574
5340658
3218361
9938644
4383411
9531456
8950520
1108534
7186138
7909457
2042223
5499260
5958579
4311745
2206747
2613780
7858772
3764460
7733898
5802857
8029464
5488522
2717675
3513845
4174739
9843664
145847
9574952
4321786
1292840
9101778
9271846
9482166
3849360
3807714
9764487
7893865
864237
8918587
8696335
6885771
818507
4177489
203161
1607425
6623269
320715
8263127
2001797
5281372
5791504
9998710
6049948
4483583
1980727
6466350
2546769
3252646
8068671
1476062
7807124
9292969
3264914
1632309
5788058
1269097
1562482
764054
2018028
1985080
7162132
3809238
3943693
3075249
2939092
9570027
5496938
3557978
7886257
9443225
3488065
671688
8068842
9627220
4230771
6363629
8680358
9819220
2034129
1978220
727254
5758563
1199600
2116878
564285
8208803
2662532
6080540
8952939
2984209
593369
8912952
8556611
5643006
4050178
779954
9881283
240928
7287113
4151643
1952960
5658553
3114668
3319918
5040512
3647021
2537559
4503496
6503468
7304484
1053878
9768364
8801794
8362886
7657805
5663540
9246077
4232834
2545628
7565161
1860302
7515601
165069
1949585
5075556
5421220
1438023
567413
1636510
4483714
6552033
260060
8549147
9647259
2407440
4718620
6139286
6456297
3296431
5945226
7178322
6039212
2656661
2431831
7024461
356112
7638152
2023435
2002117
6754342
9747217
2067268
2007346
1029286
2637977
2312806
3577547
7633886
1910610
8415104
9661732
9766444
4603368
8138259
4723270
6770222
5172604
4657997
7113954
5081652
8936062
8373173
9763306
702022
4096953
8382343
4340442
5292578
3718710
2697664
9169845
4401528
5363283
6407669
8840742
7885222
5061401
3834953
3302886
2637677
574134
8507964
2269131
6458647
2726838
6235292
9872396
8861796
9899853
9906641
6059823
4803612
674578
