200
58645 321338 6692626137
259470 700009 194874861835
961925 114816 67674764492
34790 544350 34100468531
155694 148512 36158932762
478721 952009 438539477364
224237 480528 115954169059
199330 233911 46628051815
581605 545366 117800309319
922696 728238 521877802365
792066 927007 1453018416172
544119 38218 28737887418
436646 232459 131051389532
31466 358412 12662081325
429461 742560 5972237810
549368 477528 408393135731
566319 212995 240231239707
251851 42075 17918952031
394601 321122 223245815773
386957 572639 262506480432
252537 772276 39720563638
61429 262995 22767873754
654409 257436 196144258522
564222 546566 429344319348
599939 897426 1037049099827
286317 857996 47535747543
874017 377114 271388561562
79762 793693 48121065930
999470 333322 59988961787
958894 112015 23258726229
221832 341928 75251786620
76298 982435 112983760539
981329 314046 456624862939
492051 419441 233975912929
836284 103084 79296967979
147589 63255 7173163507
753438 717764 699092780930
618712 993672 583902705363
305832 678351 206195518121
22472 445324 13333767719
98403 468476 48368995164
29574 40366 1541002890
920079 506843 245454358003
932316 839828 810420145242
690015 193646 181568422717
957263 194170 273904511015
246074 622238 296112672671
253035 380104 184835817560
946594 450007 231930225993
969160 174657 116354262731
369194 452076 279816268037
487641 279172 253720559237
137170 506470 87722378716
305184 140498 51664375851
634690 929813 349558558400
546697 820190 851629633111
699694 541939 56910051330
873897 481703 612801095861
633481 812122 943359076655
772300 901587 661480489767
597090 936591 538240073064
424567 328275 223922257846
94925 157323 6198078170
309534 839750 343249445166
895032 971235 771749932658
274051 56257 21513119399
56381 307590 14978649988
172346 471936 94826155795
364630 250422 21050163002
528979 341746 157914683962
401542 561951 387995108334
555090 669596 700624251193
576804 771329 861894442109
763474 298623 59068999364
263211 116855 14754752110
934860 628714 486917939211
281149 928557 269482014151
183695 45254 14766463274
828485 47341 63662466949
866688 400564 334876803711
165156 671518 80280078492
843677 981779 746794046300
215654 770475 123253971265
530025 669961 90897426842
471490 806036 210500428870
475868 614384 431043273800
65951 130000 8139907453
856138 487859 828919726526
339292 229167 81373261629
615729 779672 105630046521
867473 705241 99186666603
400168 782599 540796224211
880786 232738 197951749300
359454 273615 152120797840
209059 395095 73536672354
544594 802110 272005566160
190997 811776 169983840167
345105 183955 41974660323
294171 132382 63024122393
24325 928512 29470943853
975792 752942 999853379277
374045 557842 189360606874
252013 695343 82626806390
605632 297645 67767477138
259440 481602 28226853841
902872 232420 123965557982
733786 419476 548912064149
356749 154102 108315847767
451397 301804 105168497705
510528 285133 284669885969
851877 665279 656460113106
85725 995084 169103657217
12572 824902 14058016312
458870 454012 385142929037
653565 918415 286362397651
947500 946788 451811295691
636425 709687 750277378426
413254 416125 164355134585
759622 38495 11445971252
25762 812191 35054539383
207670 69666 19430504796
548094 457992 16053426497
650218 523043 42847753936
840403 203076 107430929637
624678 211417 176412108662
583792 303303 70753795111
804740 86686 27974482615
823957 739370 138685569045
903237 702264 556240731339
900508 94734 96824674556
311106 451897 232699451899
997448 840169 1183188727429
995523 967735 1448411492397
959704 971498 686229024945
443072 628603 286699068955
152766 195355 20594550762
749577 234554 77281206396
251292 218440 4984284621
106123 846737 7588068141
840652 707071 387326004061
337714 962409 581684848253
301863 970352 309901934154
245941 500766 118586302621
387658 351719 77827359697
803137 480819 270554726993
652858 553059 200680076290
665385 67602 42589787651
876578 548194 640362821814
637519 759019 524111519083
193446 604055 105559170009
634773 617683 630506603710
446300 117637 102268485721
450467 292706 139488060406
543406 159259 28358545238
935627 199595 50692015367
656625 695943 764188720962
554473 861297 534299174846
447041 749931 219598183811
532837 808707 519333553561
86194 307889 28418221819
963907 372741 562023862432
199188 106465 19911411621
647451 171604 129863774339
825129 212798 175959991855
533051 50555 16540818780
203509 149524 42018753009
217964 49371 4568277545
592058 747455 345144893848
77230 581237 30936663746
699240 770945 383279444737
759481 867457 152348699646
688879 935542 735889708350
611090 82629 69377979147
994599 816228 932586047213
103122 270628 23165209328
427169 721612 609403979283
802151 227398 43967778625
59321 321776 14543916134
599963 330849 224781924961
635233 188426 66880979674
379209 894272 31491972876
825186 206586 214631680394
48267 687751 49017219649
533919 996178 775674645845
57003 597841 65150443085
250734 389855 162725966178
995310 307055 129803044323
313233 254948 148959113433
853431 155055 144065458897
189513 590741 48527270787
155621 542587 159839122614
348350 124727 10626759744
887597 192439 291813941486
273355 575559 83012344956
960001 437935 182141947834
19261 776732 23023668481
294105 82228 8959315471
165656 736854 207000397958
865268 110260 132695935273
967639 573759 1041160143392
