200
508349665755 13387186444 1612620464371581504726
949457869920 304182172670 32452425439375154807818
123414437633 357977755482 41064163773141697160494
621573202196 848725258781 479162894828759956770529
140936426439 324549615990 66324355675226732255304
485713911426 381343861757 16015377744096433607681
345846536777 578605810229 51271947564698809066509
93024283633 301510377504 49304658376753447397511
486713178908 46835224034 39546702148419352784604
202963311582 151823267893 5430756079536854158898
547099785880 604334727157 310161858617423820977824
797300314235 62977368461 2949997293990695901100
700147212905 586214894872 774159901620718047135141
859361202165 965381954231 1241149327383712886511374
883694761243 722170036730 301854992349079843009306
863331818135 982062578003 1256079941899546285861671
70756207364 93633871273 796735912043312841356
326550160348 338945662086 90119110856733834068704
6270525957 297013283954 291539110574024719690
137327582793 987447081815 21186621306436272667327
913241897636 19692324125 31003185780801272010744
638366084917 827118938397 384261682897595880016459
296079250896 39648761466 13534565201722232138092
99114004913 798103530782 12699040325586044375799
764124224401 919827285093 19127718988719542697238
847219181859 923476164402 839182395444093773544361
549160122147 946229832060 754010548040732416411358
944978581590 521649964993 425862806487285176562907
468680403158 538534532331 258841491708305471445850
103506775994 491513027038 37286060280643274213032
505122610544 563247972357 109336376143225099221164
624291293518 627937616755 294599193577556224597600
223929802989 539224693589 195238456507279277284288
200009220658 339528318840 98128510624130409042896
834573182351 94948034244 153010298481110448443391
93517216646 98228604576 4644780592322913816113
765526650264 549278460549 36182143755918056977145
6944556425 378698652363 880269704124028910822
587024824581 334814145107 74743188968109289771317
276697326511 701554349889 225072807748088276174322
691356577587 8564535180 5519492680318567028224
949434836552 88312067702 144032636421414458378296
929854022269 790166211020 256700726809195443805575
587590352714 73970078010 24471062785792944438393
920105750948 362692255730 185134995128337009485305
676433824633 788395653988 52162870775545451945283
614853781249 828378083354 86366576953321078140971
254089405256 146944198885 9906827801835079801996
231793646218 54532863282 4133546889905578034072
196181580636 364265109757 12397972528851345336296
225065632857 751794756743 137041194389015244772609
771179560877 499324642882 291217172656030380171789
483670961808 494352788328 141020377712712094598466
645860445039 869541673775 466970956434263986783544
549948294395 812098571833 72435851072533520168435
262012459641 642160807196 276135590415062211204647
729519947430 853833227638 414642209761417765471496
42589463857 771447890228 21104814663811759165300
836463020242 894242527055 1069748750318254441736738
123315668899 817426746261 23790211410152724366482
351272038041 129217041648 34942098796584219898263
938600221971 800293860210 1056394537765328669441685
228899931622 792593525125 123065190055109950502647
281956540345 391318795707 57655211973781196284832
890939003989 153493819177 210897514692673246730481
346319950618 959743791945 568950774949715462950787
444842441490 514420251210 213039714190628387868921
907229484238 494893516797 854809178636391935286091
943073500222 208605173410 51260079193019938949791
591123361774 404466959382 108841349379214762461396
419742147882 481765970477 323368200352125480425227
33178318985 273236929081 14438959378040589938465
71608374108 128771444552 12316587644749130178166
769800526168 970008277982 1005151808699949711365510
561734269258 316704680284 113302242361869760443745
756217210531 211427165113 108945733227027849404882
373042714966 441619010825 176444705591094533051935
828451257072 715521788667 1016926937331784875125696
258168980056 401283933287 92232041431699398969899
490471891516 280604161410 197891677613971415711117
202541535682 92425487975 8137580454326256894395
268044075528 333223005903 158261492055635361088666
424033163927 305886379901 84514428577698401767787
812182621809 982162545871 873188847498597881233268
638541969592 690675964090 363951440188402584601826
617222791797 854715193560 461780766064397291903276
627877852447 753117812323 297706015696528506175218
742992122233 682117788545 288852410302462335015785
805860877395 588950576265 635548119190791541933589
477218201131 176297409940 71053479819103833020778
509517133552 620426920254 632075857025155757910733
195097056078 386438010711 87402111554818842445635
801410692497 421490369679 268746912062420487863515
74721640679 584030330261 71148382651647660815646
214056620136 788309227971 157687258782017735283119
796958769550 510743746608 738340244983836647949319
814446586938 425960446145 399158212787158402266909
491620846816 730619013954 453633085606135076453069
51513081368 568619293528 11138945585293215067141
499460683807 880067103478 583622706483931046611407
754323750756 972233054547 1095779230662824801795886
821218861233 661773216252 404721470088167964718006
609104073030 299363391786 90015542718752209311944
313083548195 719858799029 375866116811138271800245
668083632860 291473281082 261279584457271743900269
672001969997 632116990065 228745989497927351805716
824379127165 768404361884 1083379275444041932794687
805278997442 992324145681 1094330443934522335886144
590759471221 264328314261 271636053984286999006016
984739249339 300607555114 105836570429443297951253
63931148640 229390844874 3725026069740861548624
284300908292 874546749633 2616093097903927960460
877954643730 101060708980 14740852864542112713650
976545767605 216154847383 262031694034523791836159
295960383940 804214458152 303717066637592202703454
344570347465 212805666513 98317640280876339726186
34638535109 709706171587 20583580511896270835562
402231482345 711454210116 1974514110041683920878
192817077000 462902874316 21158995929787738498939
137307753379 646239417145 166181189411667700315260
863465496300 689312221566 96850851227920260037128
946447041868 211347757238 261637200538868281251754
452634608872 619808751078 147682010112806503036157
601306749395 934422689714 862401954848823972075771
662279604417 51146223992 38198458302777493539835
618890864369 488364007779 159905607049177033698171
584598423031 836998671469 716758983673172905252441
152105617116 58248561756 17439427876188076873211
768759880007 217552839308 317366419956513183664718
280428989198 44689991708 4356961832836205829996
269948447995 385746306099 136031951476225750938826
596047602140 723099408149 391864163733645946830989
940162798709 725970081754 1019055003906812117030720
723984946136 446705615107 392576150489574008538040
276473126513 567964146465 26028220414344891045599
59713131224 623683686924 6851976490011525279679
508411423348 577210657443 327593404892583569750784
163368130226 935849134320 48326039060651092604354
820524138928 283848648252 299779910991033058060680
152364065782 963986691682 182445066230387222431467
63893032088 941676435495 38756324896076387027745
792207140021 423184572822 489778184463114252642847
224534073730 198895303264 83111558660063519689423
252604828079 139052136020 3620818359931430337041
217983803387 994367670978 381263896801116015603632
806259549582 973259230573 89177938409726274237846
422336447768 498148096265 210551818114430539226797
839467493417 454142086698 501577576465393841917396
255227628144 11643271731 4964190091963783946887
21709830449 635900945987 779873185563708628273
38744788616 743691244359 27384157705240634269886
693586546398 706414730689 82824038354337572767519
160729100983 944516679237 5926607222714734378723
966475495281 793113979356 1177837894109702467000519
616641651681 630802852750 517841632651070233092616
91379285125 577455391493 50855174294202066035962
986005584278 375621007520 81819695174228099833655
619048883099 14069702073 15173308465449594134207
576247034390 43376469335 12799734852160701204914
534533522102 243858410449 95080428343856367971184
941320082700 622824047288 635952934566354800795655
113159600710 368540521439 3356788607818887143748
256989894358 992185249307 135430791364863976661018
164475947780 78317259732 13104613054005065811223
836299420798 111721132969 35193499567070094942468
879311072954 18561360131 18905955992821221144533
494453909515 407418555596 126659963200432085346834
778061570007 601559776363 380894464745649130101385
759181533224 9936339930 1444796328979045862032
454385507274 624774416090 86148925968423371915057
97590745097 223069228471 2912041645371736438489
617347394064 837112582992 947645618784567262046427
687008147885 437765300397 563672134115318259570505
559436483622 856037810309 654774052007613441129343
192967690027 59617804363 18141019712455077818404
169629248373 735627704289 157976030902456443658969
211706682580 128133070810 15616751131450527780916
227656282002 171910663482 43635880443145424676795
319372639240 528312512998 8689449289220002627101
717509080210 466791597978 320370277939956642441613
230254605957 723916230058 50153362125798475875290
955547947366 258390944683 379438957747000068287153
420203623241 384183517985 171681455902803151375468
75978677062 523554727646 27495897523363652052989
646617325991 899391013480 949185545620591820595543
653098797246 942225329643 964964237469479426416461
50409289291 157818661607 11890070254524443541327
222738555919 520254160775 199252613006827073448468
850253754429 546373666701 94449987623121696643314
805337821310 104819404990 69776714356039259549836
542469775111 548081586955 211806828648810456091040
744535504299 532939064274 269051617642579863595396
503343717731 213247815787 72638770872420835070702
460894018199 27108552985 4572239377521622271876
942494569444 880776899844 1052749853873503207576718
607515479389 825774781011 581781977899540805708906
32120235651 807317019966 16648753949599079738299
136632963963 814766448287 15657138490343275436808
110977994275 168206812086 416696490678116363539
280541448505 829159654400 175267595562378412572871
