200
544398320311 245295666642 260160551563958995579046
596289466421 888418505389 674521436081003473433533
20310048821 995853872650 19769214229016747811589
500375352375 954917916479 455600487994417995488541
424557285421 115667414014 94269624226883338604190
403659692495 289229535987 11685040992121922307835
756267051212 333297356973 431628165523639445987637
649717561729 410380750996 279517771174130885852698
989619797840 176646339195 200240437936463502571928
129484705357 349620344684 27447364064676011740214
358908178749 963366064088 370035218520186474814401
391123690945 524107405329 271287997976150651035966
230126845589 849012486512 81668679895829659426659
958938177885 723808476697 1207831778396714638206322
452255752038 197893294074 166712202432411176692375
851143695599 102585062324 39120911853549424002232
834916420708 527812609666 555141691850674221329075
832064752114 178405718503 279012520095641478007925
90889075945 750232195100 123446496828196628750569
428609524965 559697456571 129033671472566792279337
548378515022 938367715025 189299335715662006601766
115148417145 210326160662 27803071045715651863060
787618047796 970965348902 1401769848752723548388445
580294010077 957991822243 211243154064761891854782
563737317829 8680237159 401155553060762770455
876272103878 792438705626 892286354150669346288318
414142678065 668340280107 500720399070154680886229
834206424295 968000416159 1463457368491951264921451
630043653688 337206350757 206204596734938773457476
289822137465 471806232260 224944788397342285390314
663519291197 992179986084 798551639652025463220441
510317003600 203816045849 57121076624337221445454
808796266693 537764352394 242381409315714363668119
652910352499 276928902860 14562683327622389537210
940752235406 914853206116 912333601129453954569471
911325243221 824934630753 143260205070712611717931
225400251246 372068569350 148894278267617397157109
225044622612 735433120457 160445915058478293885060
819869654054 708183015781 406397225601947973601990
662188141534 747980756040 107943442540195208463290
266455579772 389856302007 75838808505807533270222
501223179673 711926287580 312641621291900096649077
900760098139 384800590330 374090405680330524265497
615153795989 5718154160 2302717458729940550741
333522785809 867745882958 171929277067066255344602
730134966265 617586219031 281593311821643544298177
315546512703 420743715951 10994300955298507319710
538159331104 806442178748 104599962769323353867533
446486663685 6640763577 1964939794261773030688
665768150669 835383166573 37742689333581388454252
105070989075 511455471130 63338865326841550767965
651447640316 559781260094 643542205363377087150447
365185883244 981766934622 82959103754418302096804
594082202782 989896449215 389118460488623168716341
564349670593 655330882750 303074354468898718277964
870411201892 894424797689 561048195378301560446649
753271497269 175035692127 156639162033086489330036
69099529227 511109482450 68739149843645818992849
295080902626 880494768010 168370941490957592649357
743198836481 418271854894 72339881453821289699245
329959366149 586880767758 287457387601503732042580
699830184204 183256449557 74746090723541148566251
683197493658 38719635409 43510642987003997908865
119661868326 778374806465 83424365682777797883316
20635070410 177161870074 5404504210707215775055
822881922311 725917518153 1038568226668125583060619
68985641549 414502295640 2296718885709522660261
252027219720 43471180385 15858676448295996707403
679742739928 133294117702 70419317554156483526434
336275844854 883289107837 2057290447307184168522
208058115248 895310699749 257551261732894746595843
618412250983 390434482425 368313762676418455845712
764759498595 37968125659 36193919312813126044327
235985822129 785396588159 98773421628839467165228
301040356257 982621764459 87178113758318386770309
62810886460 277447507782 10103213237392394780841
397058089505 244507821292 164357825007374836484628
659300189134 114693514044 68968681796856782396115
12189132576 797455993626 19343486047849122244253
958926646520 971861347235 814246826607247925029030
325703964179 680636008844 325245785029852261556801
826878840071 885643303634 564298049471406616928239
502563005117 799071450398 74841632560964083554996
743168665315 162662362664 30850295264330352007863
801033342546 557898651327 339460683316075035099945
35259385147 312844011422 21889793441415174546890
701726464935 747273335629 231604520566215068460795
154899373894 535909510844 33738050592443201548776
717341548289 225961110092 170768100569137208683887
228755082258 961355891908 350942288688541271990586
484887523097 862938496517 774758298948698314845806
403532346743 601914042348 37304299477431804598127
398437393139 705822395102 221178224578725815591647
645437199472 930736765872 398440913749714645554080
31333803356 477986407687 14223590988109116819004
560913375020 899059298615 876138372442232922585488
149849819539 608536423608 75370478123586624937838
39849319083 107945945669 5165487333566384533477
83947811330 872519210424 121414238139943324519207
266923600631 45639513551 9187519879532258147204
634389198243 461662124386 353739920152040791705510
896968529699 716809450526 615280609321763972240889
35119581507 360709775725 5161839945149339762290
613272744251 565919267846 587406286718364901707259
584289522958 501289706184 98595710540622134031946
384845728415 907801611502 405539140432541478005359
486956353925 777101187316 527989914398258686323885
433350264889 506703355742 263691718049119817169434
858447844124 504744386927 7896352424571280822652
375893678951 372911760624 221537580960108964882363
389945238266 863830456834 190259117656009386121704
715881369027 584418007665 504701560819407454867346
411534032601 574389161763 378702752748812595594690
406857466484 165052912958 73527780532511483570593
659025805622 511167146901 138848694551409747923500
9484578119 26405310400 309899202071844175326
51930265978 575722146963 12180282831972906583944
540469133762 619707405362 505782653859226832921890
241707394691 726231458448 297988860268211521968369
719293109917 30823205231 34257182150110270106402
37319876289 142486494593 282213422296772181511
300543419965 341123582586 47731825903061215664129
691937388519 210055747799 176456733510379026270150
643208844900 355685472562 290927708211476760189635
46872204773 282208025626 24648820015353141357816
837570089401 644701019299 324123836883275802295029
153380407548 562225878200 53633389407705525295908
611543716302 252663360149 166638428948096885953742
291073111000 416765502098 127764630869677468133672
457570959878 357852030921 240427401228266470861840
709832717054 482711046259 417734338737041902339088
413348545268 366907717286 50707090287335412209537
158695584707 521982885342 63043138165343154779628
467233505562 78689823882 3381976122483676317143
259086417699 547939016792 46936295435052844284028
483582468394 577900896293 236425666511684971869837
67877435689 464765542929 46960245546717327300981
129845827096 511337904571 74008289872046108481978
963809786111 705246122889 1199373384462870765336369
725727559543 877248038132 1184519475053446951639649
308884700370 590809768970 51856024382935736827376
976908648323 960639546593 1198486443400220980833369
9020293925 703138411652 4859459022431027009010
959459881421 749767024183 460991955186670773642856
881018698460 532421105742 100340968926746179954395
111106974372 257911147802 41211258006535605641237
81504001996 521175824901 12449426298339428325292
743776490133 602457738472 141377194078319643012883
398856710289 990735865465 16767055270982377696038
731580371352 318611208039 213520067567752342032558
266677530116 20423038474 2223657594833435651349
993492618203 719165078479 45581475352157409930710
282402278796 186690008746 104559742995603596355433
48359245486 846939625607 75079960358958737567632
77164733616 600606832456 42998173411625226020585
137044758144 722614448052 172439682465465681684755
373913401436 940503359439 671253607416835855373726
352530585441 75224100840 11768419492449421938966
323446006708 709543174457 52536150800515102196072
318390806870 16263734527 3920087583567674242715
954669004699 457683556632 629529415373171833790649
593917680552 814517558300 10474306720809136841947
432540689241 631870343985 37955347452225568385973
395980805898 933831898015 287047424756182143971045
946765065863 723210939451 260714449285935680452660
654839662509 642020298149 778951666624022736189145
109993068155 2462462377 47857170978324764637
43089800238 586711733925 24295211831682135042068
664085340267 462031793993 44681181569244906359174
594972064100 465522195167 505771640923346556610117
886754846077 315478690107 343402721872877337673122
875667290398 795898666677 382225900763448559090730
41043667865 90645165146 190745675637082892847
189830651298 946020600706 1113408144387034800241
501829367429 682569459520 424038682696103523024010
956219705959 707280617782 455825620562355733541244
372949090866 509267130858 83953348737763719623919
182763587019 80953635828 19373506975297369585642
962798091431 751758727827 1370861587141882760037777
837802220780 212128741005 169381416138281904908435
670707012503 197717186309 209839743200320216449873
222896440784 249592127711 85437851140506089735138
842936760756 913452731130 753274931939506450510544
345408895750 304297620930 100889034099824402288052
477488838103 395283120039 127546339566121619821414
796195374926 572564048077 748663187846349076773177
619453506254 655141442432 142525223162316363371185
79908050060 572443845468 8445901252488627596493
222375041651 136769773852 33183480010613294650885
732542305184 917852292005 672910071258367935870013
814311485634 716300133766 822835142272330119477538
75144014718 152823905533 16984696547209483205201
788661841664 626407826813 732335267131545715645285
816999581687 799391472183 379986437126629897063422
21665957722 77383682062 1575879477320642380525
265534007765 491178623644 96973101853197922507740
604772635012 46221395367 39659650618009570401282
357278223625 341254055210 50345310903068609256660
559321806308 800749439561 276848633886259376527141
600924847975 82332105621 15396501459822750198539
