20
12 7253
944 753 288 449 151 498 692 442 178 235 900 138 
12 35406
730 461 149 346 882 203 347 226 196 994 878 705 
12 31902
224 974 206 651 173 10 707 329 924 839 165 781 
12 1951
400 698 411 684 823 281 141 177 412 503 40 291 
12 16106
19 502 570 565 863 978 845 986 175 56 203 643 
12 28118
980 674 52 125 676 36 920 425 926 504 814 710 
12 36205
587 665 589 911 413 346 724 373 532 655 536 149 
12 25134
533 436 827 835 339 649 196 766 576 835 979 880 
12 9244
725 63 836 158 312 41 742 403 54 669 255 711 
12 28311
389 872 335 829 327 100 975 642 381 86 759 177 
12 10777
940 23 904 31 268 417 432 997 103 629 112 761 
12 32326
23 230 371 907 270 242 542 915 175 991 263 852 
12 30460
351 643 656 809 363 276 827 163 202 841 14 914 
12 18067
230 443 350 534 771 962 2 931 400 825 854 149 
12 2027
5 521 328 704 86 992 267 943 539 264 30 821 
12 18077
58 849 225 733 540 667 21 417 46 646 368 594 
12 20891
635 512 503 406 333 115 627 188 659 390 515 844 
12 5628
273 429 954 630 992 885 650 808 311 716 949 805 
12 3831
44 663 377 912 242 226 6 676 384 276 228 639 
12 32607
8 901 615 790 254 880 340 545 958 574 47 416 
