20
12 5133
256 518 975 594 351 741 22 262 570 213 201 629 
12 31203
597 839 122 483 527 645 822 384 675 935 670 241 
12 22917
500 772 639 590 461 731 266 227 420 804 979 987 
12 5513
535 169 445 678 291 110 73 765 555 208 955 488 
12 30355
33 828 393 686 551 493 797 858 116 156 914 53 
12 488
179 581 985 210 142 201 506 704 64 502 726 902 
12 10694
374 466 441 801 857 309 282 493 515 24 108 95 
12 17642
36 522 169 483 920 824 64 848 753 926 59 20 
12 20566
270 446 532 876 406 620 927 174 593 252 977 970 
12 1799
421 498 994 350 790 841 108 22 167 415 707 374 
12 21394
707 66 563 187 383 119 264 191 42 705 394 512 
12 3275
99 244 327 501 110 378 797 6 609 310 950 322 
12 15084
891 515 576 60 463 701 133 174 508 1 460 341 
12 9315
463 8 523 396 232 298 625 256 490 342 849 889 
12 36299
186 614 816 394 817 893 750 811 705 359 338 76 
12 7744
258 583 569 656 751 944 890 7 785 246 378 464 
12 12905
794 499 536 974 628 808 900 401 354 769 448 488 
12 21074
15 753 855 741 429 164 777 858 822 225 259 286 
12 19294
250 633 439 482 367 351 544 154 407 131 879 557 
12 26838
666 718 778 426 451 966 175 597 590 883 519 567 
