20
8 441
98 40 29 62 83 74 91 83 
8 239
28 53 1 13 57 35 77 17 
8 2462
2 52 76 74 29 80 64 83 
8 752
88 19 53 5 5 53 88 25 
8 1809
98 32 50 9 3 5 83 53 
8 1950
15 56 94 94 79 79 58 46 
8 1726
52 82 43 60 64 89 20 56 
8 2422
50 31 95 98 86 73 62 94 
8 376
62 72 22 70 38 51 95 57 
8 973
62 99 32 27 51 37 72 17 
8 1250
79 26 21 25 70 43 10 29 
8 835
80 95 56 54 35 52 53 81 
8 1131
28 7 39 91 26 68 32 27 
8 964
90 87 13 7 49 14 59 3 
8 673
85 68 41 66 43 55 27 10 
8 1419
8 75 19 88 41 11 63 75 
8 899
1 44 98 99 9 5 50 76 
8 777
22 8 21 69 50 53 72 29 
8 300
30 33 98 63 27 69 77 86 
8 1072
63 20 9 63 63 28 90 62 
