20
16 315270
6470 8053 2291 5826 9311 5632 7759 5981 7085 191 2530 9729 8725 5272 3227 8027 
16 251375
6257 8101 1347 5369 1024 4489 2805 970 3184 7497 1096 910 3869 5145 4135 2892 
16 322039
1611 5870 599 8385 7123 8037 999 4283 8971 3690 4336 5525 53 3010 7964 4325 
16 335911
2777 5887 5448 8315 826 794 4601 9720 7518 1152 8420 5211 889 948 5597 4105 
16 98941
7864 1284 5720 6286 7608 6593 2041 462 5711 6298 3724 6093 208 4378 2789 4053 
16 226949
294 9018 4987 3572 7968 7171 3762 5038 7399 1139 302 1476 3014 6434 1231 7512 
16 102176
5528 873 7073 6152 8337 6610 3122 2905 2943 5675 8659 6373 7446 3177 153 154 
16 84924
127 6393 7330 5928 4092 5557 6864 6275 8310 6979 1293 912 4802 1142 3026 4199 
16 57481
7174 281 2859 130 6767 8538 4808 7520 1483 2101 5731 1042 9449 8703 945 6534 
16 15606
9750 676 8673 7580 625 760 9543 8605 5690 3597 9112 4883 2100 9155 7022 7997 
16 72066
6749 5753 4909 8596 6067 8271 5411 9679 5170 7582 4792 9419 3362 7239 8217 8743 
16 361813
9057 9499 3174 685 4486 3233 6144 2083 9410 1573 9545 7184 8466 6062 9597 6847 
16 48670
6222 9610 1617 4601 1512 7278 8118 4557 9183 4201 4356 5864 2190 3444 434 5577 
16 332505
6627 5807 1787 2866 758 6167 3884 2608 8220 3360 7911 6960 8382 5592 5677 7548 
16 290581
665 4878 5984 7615 4997 2204 5844 4921 8225 6098 2841 3511 9809 7218 4508 2270 
16 444695
9822 3884 985 8998 3487 5453 2768 9464 1886 1741 279 8627 5188 9346 1570 5872 
16 321721
8746 3936 6748 2799 2212 4435 4245 7392 12 8487 1912 7773 6285 1023 5502 8384 
16 71847
9861 6008 8918 48 4904 2274 2429 5406 9003 1358 9035 6906 4704 4838 6475 1638 
16 83120
5705 4895 5081 5636 4589 9381 727 1170 3434 8003 6182 8073 6175 687 8060 8412 
16 278621
5590 9748 171 3595 614 4628 7426 6822 2710 5445 4845 6943 5307 5428 4514 7067 
