20
16 269217
5432 7118 3261 1375 459 6430 3292 135 1660 2001 3032 8718 3325 8246 3141 4760 
16 313420
1210 1166 6348 2926 5992 5728 1038 879 9709 1436 8791 9550 3641 8267 6394 8458 
16 247094
9638 6791 2827 689 6566 8437 6976 3309 2269 5110 349 77 3029 7561 133 3848 
16 331617
5856 6146 3754 5790 4204 4918 7848 248 5680 8716 2092 2222 3211 8352 6049 2661 
16 245875
4722 3753 2700 9150 2792 2564 4704 4084 3564 7646 4592 5746 1138 3046 3411 6374 
16 404664
1414 2936 8254 8146 7505 4771 315 9202 1463 9749 9421 9045 2625 5123 692 5119 
16 403548
6490 2503 1625 7942 5959 9708 8378 7671 4659 9017 9383 3870 1907 9480 282 9267 
16 371078
8196 6024 6524 401 5635 1904 5906 2759 7101 2573 1200 6705 584 3269 8789 409 
16 137679
2431 6061 5464 2107 5745 8458 9400 5658 3649 9801 2100 376 7129 9066 8674 5215 
16 75600
2743 4824 5198 2008 24 1037 4986 425 963 3279 3332 9554 3695 522 6496 4015 
16 406837
4346 5157 9096 5756 1609 3440 4013 5730 3882 7795 4211 7813 2420 1655 8604 8526 
16 539607
5490 8539 2618 8850 7138 8441 9040 9600 4805 5359 696 2140 7725 3931 1814 5121 
16 46697
3523 1951 9629 270 3359 5500 8274 407 4504 8829 8643 5870 6216 3305 8748 841 
16 75777
32 4175 5126 3606 3148 3126 4418 5940 5056 2052 5685 9669 4572 519 5576 9010 
16 39254
3355 11 6629 5679 6408 3874 6218 4156 534 8948 2545 1276 1075 1952 8223 7542 
16 219045
2278 2108 3377 1172 7514 2250 1168 4490 5879 1552 8309 2115 1401 7324 9787 4740 
16 250354
5636 7213 1655 5151 6749 7167 7686 1291 1325 306 9153 7046 878 2623 4619 2518 
16 263790
6283 3227 4190 1619 2097 3285 5701 74 2724 6273 8719 5139 5218 4619 5694 5547 
16 413121
7020 2357 3839 8602 8485 3956 3968 6775 9450 2027 8675 8670 6364 7548 5969 6699 
16 79962
686 8304 4535 4067 6783 2573 9305 6920 6584 7296 8315 3346 9123 5437 1563 3298 
