20
16 6330
6729 6663 6050 6421 5723 2701 120 5951 3417 4327 97 5921 1507 993 8608 2647 
16 421154
4033 2605 1572 8604 8964 1373 5702 3354 6496 980 8750 4555 5139 6283 8123 7736 
16 313532
9253 971 9164 6665 7170 9123 8500 8199 7282 9560 8440 2975 8462 1995 5482 1655 
16 202706
936 9564 5529 7612 4619 7573 1679 465 4293 6704 4945 2338 616 8691 7919 5711 
16 169472
4550 9711 6013 6367 4506 2838 1541 2927 701 5204 348 3105 1121 7190 1249 7254 
16 537580
9068 553 5986 3033 9152 8496 7481 7162 5538 3410 6380 1787 8571 4407 5561 4119 
16 488910
4010 8444 7059 6853 5102 19 757 9326 9841 2251 3601 3532 7561 6928 8632 6665 
16 348604
5928 9541 2264 6998 6056 5692 588 6232 9710 2547 7114 1971 3065 2046 1764 8813 
16 125218
9087 3718 4126 1062 3179 6616 3675 705 931 1099 8018 394 1924 7524 3639 8993 
16 40142
8388 1443 2453 8141 9432 8778 9042 3683 2177 7281 294 4069 6200 6007 2966 6340 
16 156064
4577 4609 7081 7587 5306 3690 8304 4903 4680 3681 1015 2607 2874 677 6206 5480 
16 435479
7990 7620 2335 9334 1228 9369 6347 9159 3089 1229 3491 6357 9727 5120 1902 9972 
16 42558
1755 2844 8564 5204 4811 2205 6757 7337 125 4366 2020 567 9769 4422 5394 692 
16 65071
8867 3684 417 1955 5554 4746 7647 5153 7502 6055 6530 6131 273 2377 571 9287 
16 422705
2862 4430 4585 501 4831 9954 2105 4745 7559 3789 7588 3486 4907 6600 1120 1764 
16 297469
302 9102 4134 6898 5691 761 2357 4664 1087 404 2154 9292 1792 7153 5388 1440 
16 225486
217 1465 9604 2517 9700 5725 9556 7777 1967 623 4068 285 8571 7926 7760 3147 
16 300864
4154 1507 8614 2523 9772 641 8602 9712 9073 2726 5578 4074 4299 4592 1227 3600 
16 39591
7737 8318 8382 7865 5137 1185 6076 5775 9184 8262 3796 1395 2247 7355 9982 548 
16 340544
2466 997 1513 1846 8088 8757 4209 5630 9776 296 5907 6943 3556 4139 223 2817 
