20
16 210583
6708 7771 2032 1502 1893 1343 7095 6929 5874 4822 4718 4283 9460 7140 3221 1716 
16 313010
865 6302 1461 8127 7289 634 8306 9477 2545 9992 3748 1667 6056 1871 8106 6666 
16 164814
4856 8274 802 6205 9320 4360 7577 1305 6211 75 3370 6643 9500 9308 866 8746 
16 198186
7097 1535 9964 6242 3339 9618 7173 5109 4405 8244 6206 5966 8812 2889 2138 5153 
16 193936
1679 5716 4442 4504 5226 9369 8908 5106 1181 9955 4713 1264 9660 8863 6154 866 
16 57449
3754 9267 6385 3412 2267 4096 2431 9171 2787 37 4818 8381 3942 198 3550 7499 
16 109101
5805 9529 6837 2648 5173 9308 7435 9562 6759 7699 7908 3114 5071 8195 7087 7944 
16 16964
2766 226 4862 3562 9077 1832 9783 688 5793 4036 2246 3289 50 1464 9146 2545 
16 415151
5009 9335 5699 6178 9692 4607 7063 1309 6055 5033 4889 9212 242 6715 8766 9871 
16 396926
4960 9312 5498 8851 5370 5484 8293 9398 2913 7237 7220 5827 4304 5757 8241 3333 
16 91770
8647 9088 6057 126 7953 667 8904 7040 6545 5470 2355 6394 7082 1110 6046 8669 
16 57653
1388 5226 5146 7525 5389 6353 5322 1238 5093 5738 3755 5234 2562 2484 8805 6604 
16 221219
845 2240 4376 9366 2004 6797 9963 857 1144 5841 2357 5972 281 742 6520 6571 
16 70957
5604 6097 1947 3012 3912 7024 4170 6163 6810 3614 3769 5577 1046 3307 8038 6030 
16 160335
8855 9116 2403 1141 9470 6393 6780 6282 7613 7829 3765 3771 8060 9008 6263 574 
16 491629
1984 897 5315 9706 6408 4503 475 8207 4064 9687 743 5603 6214 9588 5930 6509 
16 293969
8629 4082 630 1855 669 2811 3951 3644 677 6183 1335 659 7232 1884 4459 4773 
16 296558
3516 652 6417 5627 1751 5714 4580 9093 3272 7543 3184 7841 1910 2621 2647 69 
16 216685
3832 1872 1067 1574 4123 5602 9703 445 4212 4249 9773 5834 1604 703 8104 1787 
16 12251
9482 1131 3976 4686 3253 4559 2478 3547 4496 9589 8864 6593 4969 5672 5344 9553 
