20
8 1226
85 52 19 27 11 18 65 15 
8 266
43 13 46 78 26 71 72 6 
8 333
37 35 4 56 98 62 33 39 
8 691
11 19 80 28 6 18 34 79 
8 763
21 5 29 19 97 58 26 72 
8 143
21 86 52 95 77 53 27 3 
8 1308
28 41 55 28 78 82 50 32 
8 2461
60 70 60 30 91 59 77 61 
8 2500
54 71 85 51 87 72 23 40 
8 1234
55 19 99 27 95 14 70 46 
8 1993
40 69 35 54 98 45 70 97 
8 1706
97 49 28 97 60 19 59 25 
8 870
40 72 47 10 100 65 76 16 
8 1268
36 80 76 20 29 99 68 33 
8 2060
39 11 99 88 49 28 93 11 
8 472
70 22 92 49 58 68 45 82 
8 2297
95 72 2 61 19 42 23 96 
8 2022
68 85 4 1 78 24 41 60 
8 2358
50 20 66 96 37 52 91 16 
8 1577
14 87 35 22 19 6 60 67 
