20
12 1449
206 380 75 891 913 257 268 765 556 77 843 637 
12 337
672 327 88 345 502 804 972 7 102 130 176 457 
12 16512
798 697 135 664 271 677 689 963 446 828 665 650 
12 16353
846 882 361 880 469 883 984 500 602 532 885 337 
12 23213
144 820 451 225 22 202 605 998 474 948 271 517 
12 31413
783 462 635 251 132 419 196 634 737 287 515 397 
12 10035
48 512 579 440 616 158 87 1 38 337 575 126 
12 2822
244 729 22 463 743 516 422 159 318 281 47 912 
12 23491
821 854 345 51 273 953 535 297 557 402 497 191 
12 9176
329 912 691 694 889 695 274 387 915 83 104 765 
12 15743
290 292 14 30 817 593 259 306 412 910 562 985 
12 22547
402 185 858 354 321 429 128 636 150 139 108 663 
12 21086
129 713 358 24 846 542 320 999 664 808 961 421 
12 5749
566 80 468 961 231 409 669 754 796 863 102 711 
12 13187
210 244 550 790 203 667 531 729 778 38 561 881 
12 12682
615 70 518 915 830 696 770 668 205 78 102 326 
12 9402
496 704 274 983 294 424 863 890 863 488 565 736 
12 19126
139 86 434 432 427 208 89 51 546 852 66 924 
12 24482
985 748 177 890 432 465 397 309 233 549 351 511 
12 34491
947 89 966 724 500 758 633 162 785 807 632 29 
